0.198101
0.198146
0.199098
0.199104
0.199107
0.205949
0.206139
0.206169
0.206361
0.206386
0.206389
0.206796
0.206832
0.206863
0.206871
0.206892
0.190369
0.208445
0.206617
0.206697
0.206927
0.206967
0.206908
0.206991
0.206986
0.207163
0.207204
0.207228
0.154693
0.213011
0.204338
0.213821
0.204336
0.213828
0.157322
0.205447
0.213104
0.213152
0.213156
0.197251
0.205458
0.213183
0.207760
0.213198
0.207747
0.213214
0.213199
0.213229
0.213231
0.213206
0.213225
0.213251
0.213231
0.213263
0.213278
0.213294
0.213301
0.213311
0.213281
0.208155
0.213297
0.213303
0.213317
0.208277
0.208480
0.207712
0.207728
0.207762
0.207764
0.207806
0.207826
0.207855
0.207843
0.208192
0.208361
0.208483
0.208559
0.208742
0.208813
0.208839
0.208904
0.208976
0.209005
0.209063
0.207699
0.209143
0.209199
0.209545
0.209470
0.209579
0.209695
0.209803
0.209882
0.209981
0.210090
0.210025
0.210359
0.210476
0.210431
0.225557
0.218256
0.224943
0.217794
0.224954
0.224965
0.219598
0.224981
0.219621
0.224602
0.224997
0.224608
0.224617
0.212889
0.224621
0.226027
0.224610
0.224615
0.223635
0.223604
0.224653
0.223625
0.224657
0.223652
0.224661
0.224667
0.224676
0.218210
0.224644
0.224678
0.224648
0.220594
0.224647
0.224662
0.224673
0.228547
0.224676
0.224690
0.221949
0.224702
0.221942
0.226768
0.224715
0.226790
0.224729
0.226820
0.224706
0.224710
0.228895
0.224739
0.228913
0.224766
0.224773
0.228944
0.234421
0.224806
0.234439
0.234444
0.234430
0.222514
0.212663
0.255395
0.255405
0.232417
0.257171
0.257408
0.257492
0.257542
0.257565
0.257446
0.257544
0.257583
0.257658
0.257743
0.257814
0.257906
0.257934
0.258013
0.258086
0.258105
0.258133
0.258185
0.258216
0.258270
0.258360
0.261334
0.261333
0.261325
0.223040
0.223019
0.230289
0.230285
0.230271
0.230274
0.230235
0.230228
0.230255
0.230252
0.230220
0.230218
0.230207
0.230205
0.230166
0.230168
0.230153
0.230151
0.230136
0.230130
0.230109
0.230109
0.230041
0.230036
0.230021
0.230016
0.229995
0.229994
0.229981
0.229981
0.229969
0.229965
0.229950
0.229954
0.229938
0.234576
0.234566
0.234553
0.234551
0.234538
0.234503
0.234491
0.234488
0.234476
0.234466
0.234456
0.234446
0.234429
0.234361
0.233579
0.233550
0.233535
0.233522
0.233506
0.233504
0.233491
0.233484
0.233472
0.233473
0.233474
0.233464
0.233448
0.233443
0.233432
0.233399
0.233384
0.233378
0.233364
0.233356
0.233344
0.233335
0.233312
0.233293
0.233279
0.233275
0.233273
0.231874
0.231868
0.231851
0.231845
0.227453
0.227417
0.227364
0.227346
0.227340
0.227326
0.227316
0.227302
0.227296
0.227283
0.227243
0.227225
0.227219
0.227205
0.227196
0.227230
0.227235
0.227222
0.227216
0.227202
0.227195
0.227189
0.227177
0.227163
0.232422
0.232418
0.232376
0.230803
0.230783
0.230779
0.230765
0.230760
0.230746
0.230747
0.230718
0.230708
0.230694
0.230740
0.230697
0.230692
0.230677
0.230678
0.230664
0.230659
0.230643
0.230639
0.230595
0.230558
0.230553
0.230537
0.233971
0.233957
0.233952
0.233943
0.233936
0.233923
0.233919
0.233910
0.233886
0.233870
0.233865
0.233854
0.233829
0.233825
0.233811
0.238957
0.238953
0.238939
0.238930
0.238911
0.238906
0.238868
0.238848
0.238815
0.238814
0.238764
0.238749
0.238747
0.238733
0.238727
0.238717
0.238714
0.238700
0.238668
0.238657
0.238651
0.238639
0.238633
0.238632
0.238635
0.238620
0.238549
0.238543
0.238544
0.238533
0.238530
0.238522
0.238523
0.246785
0.246774
0.246748
0.246756
0.246762
0.246820
0.246837
0.246811
0.246797
0.246788
0.246780
0.246769
0.246762
0.246753
0.246745
0.246707
0.246691
0.246681
0.246672
0.246655
0.246236
0.246229
0.246217
0.246247
0.246232
0.246230
0.246219
0.246214
0.246202
0.246199
0.246189
0.246158
0.246142
0.246112
0.246103
0.246091
0.246089
0.246076
0.246074
0.246039
0.246023
0.284640
0.246001
0.245611
0.245612
0.245598
0.245583
0.245572
0.245558
0.246650
0.246674
0.246663
0.246661
0.245576
0.245428
0.245410
0.245403
0.245391
0.245387
0.245372
0.245365
0.245353
0.245323
0.245307
0.245300
0.245287
0.245253
0.245250
0.245237
0.245205
0.245193
0.245190
0.212675
0.255432
0.255423
0.274587
0.274453
0.274411
0.274412
0.274399
0.274387
0.274372
0.272982
0.272946
0.272932
0.272927
0.272915
0.272912
0.272897
0.246059
0.274632
0.274499
0.274456
0.274452
0.274421
0.274408
0.274401
0.274388
0.274383
0.274333
0.274329
0.274315
0.274312
0.274299
0.274292
0.274288
0.274283
0.274251
0.274234
0.274230
0.274217
0.274213
0.274197
0.274194
0.274179
0.274144
0.274126
0.274122
0.274109
0.274106
0.274090
0.274086
0.274073
0.274038
0.274023
0.274009
0.273996
0.273993
0.273975
0.273972
0.273965
0.273890
0.273875
0.273868
0.273860
0.273870
0.273850
0.273848
0.273836
0.279071
0.279059
0.279046
0.279033
0.279024
0.279000
0.278909
0.278895
0.278889
0.278875
0.278874
0.215387
0.207326
0.206225
0.240897
0.240895
0.240885
0.240885
0.240883
0.240854
0.241260
0.241281
0.245135
0.245156
0.245147
0.245143
0.301968
0.246013
0.263208
0.301853
0.300994
0.299451
0.299417
0.299401
0.299310
0.299257
0.299235
0.299175
0.299146
0.299138
0.295301
0.300943
0.249084
0.301803
0.298183
0.301824
0.301799
0.301789
0.301771
0.301762
0.301687
0.301668
0.301587
0.301587
0.301565
0.301556
0.301099
0.301081
0.301029
0.301007
0.300993
0.300974
0.300933
0.300921
0.300872
0.300854
0.300833
0.300783
0.300762
0.300748
0.300725
0.300698
0.300656
0.300634
0.300624
0.299320
0.299276
0.299249
0.299226
0.299164
0.299103
0.299063
0.299002
0.298957
0.298921
0.298906
0.298806
0.298796
0.298757
0.298722
0.298656
0.298619
0.298600
0.298561
0.298522
0.298458
0.298327
0.298264
0.298220
0.276716
0.298138
0.298102
0.298090
0.298082
0.298062
0.298052
0.298043
0.298015
0.297975
0.300921
0.300901
0.300891
0.300870
0.300791
0.300770
0.300756
0.300737
0.300726
0.300707
0.276868
0.276856
0.276838
0.276828
0.276783
0.276781
0.276760
0.276750
0.276727
0.276388
0.276705
0.276696
0.276641
0.276631
0.276611
0.276607
0.276580
0.276569
0.276550
0.276534
0.276487
0.276463
0.276437
0.276411
0.276220
0.276367
0.276347
0.276330
0.276276
0.276252
0.276230
0.276156
0.276197
0.276186
0.276167
0.263194
0.301838
0.263203
0.276106
0.275636
0.275594
0.275891
0.276103
0.276383
0.276585
0.277164
0.277692
0.278266
0.278813
0.279423
0.279944
0.280510
0.283632
0.286060
0.286329
0.284531
0.286766
0.286967
0.287314
0.287741
0.315221
0.319324
0.319346
0.319502
0.319663
0.319789
0.319488
0.320203
0.320430
0.320718
0.321047
0.321923
0.324216
0.325394
0.329011
0.351551
0.363709
0.363923
0.356327
0.367121
0.405103
0.405240
0.357131
0.357274
0.357632
0.366800
0.360728
0.361551
0.363819
0.367569
0.363421
0.377479
0.391776
0.378015
0.375923
0.370398
0.370434
0.370526
0.376308
0.376377
0.377119
0.386242
0.335220
0.386416
0.345888
0.439615
0.345303
0.379599
0.385844
0.393750
0.386513
0.393999
0.394085
0.397574
0.397387
0.397451
0.397490
0.397584
0.395960
0.395996
0.396058
0.396093
0.396200
0.396278
0.396317
0.395801
0.395831
0.395916
0.398509
0.388210
0.395642
0.395707
0.395754
0.395827
0.390092
0.395973
0.396017
0.396104
0.399347
0.399434
0.399485
0.399504
0.399545
0.397268
0.397277
0.391053
0.397459
0.397562
0.397669
0.398556
0.397301
0.397331
0.397424
0.397455
0.397556
0.397593
0.392090
0.397759
0.397847
0.396606
0.397976
0.398781
0.398867
0.399000
0.399148
0.398843
0.398991
0.399825
0.399958
0.400095
0.399660
0.399883
0.401599
0.394614
0.401752
0.400233
0.400279
0.402000
0.402066
0.402110
0.402172
0.400136
0.400217
0.400286
0.400964
0.442888
0.395992
0.396031
0.396139
0.396172
0.396253
0.396346
0.396490
0.396544
0.396617
0.396640
0.396716
0.396758
0.396848
0.396897
0.396930
0.396029
0.397115
0.397141
0.397242
0.397391
0.403496
0.403069
0.391469
0.403573
0.392593
0.395682
0.395850
0.395929
0.395967
0.400090
0.389214
0.400243
0.407335
0.400366
0.401404
0.407599
0.407616
0.407719
0.407756
0.407838
0.407881
0.402010
0.402097
0.402132
0.402232
0.402204
0.402346
0.403929
0.394831
0.407768
0.407837
0.407838
0.407904
0.407954
0.408011
0.408038
0.408104
0.408165
0.408267
0.408243
0.408294
0.408326
0.408674
0.408769
0.396432
0.410033
0.405426
0.409043
0.409081
0.396058
0.405662
0.405679
0.405845
0.406434
0.410708
0.410741
0.410764
0.417131
0.396846
0.417322
0.417354
0.417415
0.417443
0.417505
0.417533
0.417582
0.417621
0.417662
0.417704
0.407089
0.417814
0.417864
0.417904
0.397922
0.397954
0.398018
0.398076
0.398093
0.398134
0.407672
0.398234
0.398283
0.398322
0.398081
0.412425
0.407885
0.444661
0.406455
0.400842
0.400889
0.400244
0.398950
0.400031
0.400060
0.445161
0.445196
0.445278
0.445338
0.400360
0.419797
0.407299
0.419898
0.422418
0.420023
0.416738
0.416781
0.416839
0.416869
0.416871
0.416921
0.416955
0.413681
0.417067
0.417127
0.417181
0.417281
0.417312
0.417370
0.417486
0.417624
0.417755
0.410796
0.417962
0.418079
0.447809
0.447866
0.411305
0.411351
0.448164
0.411499
0.448333
0.411673
0.411681
0.411747
0.411793
0.448709
0.448758
0.448873
0.448932
0.412198
0.412234
0.449173
0.412404
0.449333
0.449420
0.412612
0.449539
0.449623
0.412794
0.412893
0.412932
0.449978
0.413068
0.450151
0.450161
0.413321
0.413371
0.413406
0.413453
0.413547
0.450692
0.450792
0.450807
0.450861
0.413954
0.413054
0.451103
0.451163
0.451251
0.414289
0.451464
0.414478
0.451662
0.414679
0.451939
0.418781
0.456560
0.419205
0.456593
0.419541
0.457851
0.416956
0.460442
0.423398
0.460813
0.423674
0.461104
0.423989
0.461431
0.424249
0.461725
0.424556
0.463792
0.426659
0.464158
0.426940
0.464452
0.427207
0.427338
0.464931
0.427636
0.465239
0.427896
0.490557
0.419174
0.430938
0.435277
0.426762
0.437528
0.437656
0.437673
0.427706
0.436216
0.427957
0.438075
0.428305
0.426178
0.428717
0.428939
0.429111
0.437627
0.429423
0.438065
0.438259
0.438349
0.430192
0.438491
0.430338
0.438632
0.430502
0.430604
0.438833
0.430783
0.439005
0.430957
0.431010
0.439264
0.431164
0.439407
0.431356
0.439531
0.439611
0.455565
0.439822
0.431855
0.431951
0.440040
0.432137
0.440225
0.432306
0.440325
0.432468
0.440448
0.432630
0.400244
0.436169
0.400405
0.397442
0.397863
0.397985
0.398074
0.398146
0.398233
0.398310
0.398275
0.398312
0.398309
0.398332
0.398305
0.398331
0.398254
0.398293
0.398109
0.398101
0.457139
0.398213
0.403852
0.397935
0.397559
0.397592
0.396733
0.396728
0.396745
0.396772
0.396797
0.415772
0.438788
0.438992
0.439340
0.439512
0.440100
0.442413
0.442642
0.442839
0.443031
0.443191
0.443366
0.444031
0.443821
0.444097
0.446762
0.446913
0.446965
0.447205
0.453821
0.454754
0.457645
0.461393
0.465507
0.466115
0.465866
0.466095
0.485757
0.468717
0.472401
0.474718
0.477434
0.479755
0.480754
0.483490
0.485399
0.496133
0.518069
0.523255
0.523459
0.523579
0.568397
0.523894
0.524069
0.524168
0.524288
0.524414
0.524506
0.524627
0.524734
0.524828
0.524898
0.527351
0.528118
0.528246
0.528454
0.528625
0.586776
0.529008
0.534882
0.534900
0.535024
0.535183
0.534773
0.535069
0.534992
0.535080
0.535420
0.535294
0.535564
0.582198
0.582798
0.535911
0.535895
0.537586
0.543479
0.536376
0.532841
0.555835
0.549871
0.537558
0.533422
0.551885
0.537371
0.537488
0.551210
0.551291
0.537936
0.537560
0.537509
0.537586
0.537675
0.537751
0.537794
0.537883
0.537967
0.538044
0.538122
0.538192
0.586372
0.538454
0.538402
0.553938
0.538633
0.538779
0.541217
0.541536
0.538629
0.538637
0.541851
0.541954
0.541896
0.541972
0.540274
0.539582
0.539935
0.539175
0.539321
0.539925
0.539808
0.539793
0.539919
0.540001
0.539924
0.508258
0.540875
0.548486
0.548671
0.548774
0.548928
0.550209
0.549244
0.549304
0.549445
0.549215
0.549262
0.549359
0.549436
0.549509
0.549772
0.549914
0.549886
0.549842
0.549831
0.549867
0.550079
0.550216
0.550301
0.550290
0.550545
0.550852
0.550999
0.550945
0.551230
0.551226
0.551304
0.551468
0.551607
0.551629
0.551736
0.551897
0.552062
0.496831
0.552326
0.551590
0.552643
0.552644
0.552719
0.552830
0.552943
0.553101
0.553512
0.553336
0.553466
0.529307
0.556854
0.583388
0.583661
0.583795
0.583767
0.583863
0.583996
0.584081
0.584215
0.584314
0.584345
0.584414
0.584453
0.584530
0.584620
0.584741
0.584797
0.584884
0.584958
0.585014
0.585055
0.590919
0.591770
0.592002
0.592149
0.592246
0.592375
0.666470
0.592664
0.592719
0.592712
0.592876
0.592467
0.592258
0.592289
0.596561
0.592720
0.592735
0.592871
0.593028
0.593179
0.593286
0.593427
0.603528
0.594179
0.594292
0.594429
0.594544
0.594675
0.594764
0.544484
0.595162
0.595240
0.596214
0.545189
0.595674
0.595800
0.595794
0.595857
0.595988
0.596055
0.596118
0.596183
0.596257
0.596325
0.596391
0.596465
0.596533
0.596483
0.596767
0.596771
0.547980
0.596984
0.548350
0.548490
0.596984
0.549825
0.550015
0.600753
0.599725
0.599863
0.684696
0.601857
0.553923
0.554055
0.554746
0.554921
0.555062
0.555281
0.555404
0.610441
0.612301
0.668630
0.606457
0.676303
0.596595
0.595027
0.589741
0.595134
0.595260
0.582269
0.595544
0.692478
0.596707
0.596415
0.591877
0.596707
0.596843
0.597660
0.597727
0.597836
0.597884
0.597971
0.593466
0.598111
0.598159
0.598491
0.598234
0.593778
0.594517
0.604741
0.604858
0.604903
0.600991
0.601036
0.605102
0.601157
0.605170
0.601271
0.601347
0.572065
0.572118
0.572174
0.572238
0.681295
0.683132
0.585069
0.583174
0.702765
0.583263
0.583268
0.583316
0.583453
0.697027
0.583576
0.694543
0.583687
0.583758
0.583835
0.583897
0.683505
0.586909
0.694288
0.685621
0.587058
0.587109
0.687603
0.587229
0.587293
0.687768
0.587420
0.587480
0.687887
0.587638
0.688063
0.587775
0.581450
0.587864
0.581554
0.589581
0.583404
0.589939
0.590078
0.590260
0.590409
0.590556
0.590699
0.691389
0.584927
0.601047
0.601395
0.595321
0.601740
0.601889
0.595820
0.595982
0.596131
0.596261
0.602713
0.596650
0.724039
0.597011
0.603355
0.597305
0.606126
0.604221
0.604375
0.604457
0.600262
0.600464
0.606567
0.600780
0.606657
0.606760
0.601252
0.607027
0.601546
0.607298
0.601892
0.607653
0.602190
0.608078
0.608002
0.608719
0.608883
0.600428
0.608483
0.604074
0.608766
0.604383
0.609064
0.604684
0.604822
0.605016
0.605152
0.609920
0.671482
0.610236
0.605760
0.610588
0.606097
0.610883
0.606397
0.611439
0.611487
0.611622
0.607334
0.611916
0.607693
0.607844
0.612456
0.613498
0.613706
0.613853
0.609645
0.614174
0.610004
0.614481
0.610312
0.614794
0.610615
0.615094
0.610963
0.615460
0.611285
0.615777
0.611595
0.616105
0.616236
0.616381
0.612241
0.616653
0.612526
0.612653
0.617113
0.612964
0.617436
0.617624
0.617760
0.613624
0.618229
0.614112
0.618547
0.614411
0.618842
0.621119
0.621303
0.621449
0.621590
0.621752
0.621885
0.622027
0.622221
0.622333
0.622590
0.625813
0.626289
0.626446
0.626581
0.626713
0.620475
0.627013
0.627160
0.627815
0.628026
0.628165
0.628344
0.628518
0.628652
0.628798
0.625423
0.629088
0.625689
0.629395
0.625986
0.629691
0.626296
0.630112
0.630416
0.630551
0.630679
0.630837
0.630860
0.630947
0.631056
0.631173
0.631304
0.631431
0.631557
0.631689
0.695516
0.631888
0.695725
0.695816
0.632323
0.632509
0.632632
0.632361
0.689855
0.632670
0.631242
0.632973
0.631227
0.633759
0.635704
0.657054
0.690153
0.633969
0.636437
0.634288
0.636751
0.634620
0.637014
0.637140
0.637262
0.635277
0.637732
0.635175
0.637958
0.635429
0.638269
0.638389
0.638514
0.636008
0.638793
0.636351
0.639128
0.636640
0.636763
0.639563
0.639614
0.639847
0.639908
0.637511
0.640178
0.637794
0.640423
0.643472
0.752638
0.643812
0.752907
0.644034
0.642591
0.701390
0.642879
0.701663
0.643114
0.643207
0.701911
0.643427
0.668805
0.702196
0.643820
0.648757
0.644156
0.645572
0.644450
0.645861
0.644734
0.645357
0.645506
0.670996
0.645761
0.647274
0.647758
0.649339
0.648106
0.648241
0.648360
0.649956
0.648688
0.650262
0.648987
0.650540
0.649265
0.650834
0.649525
0.649868
0.651535
0.650196
0.651811
0.650021
0.650617
0.652299
0.651372
0.661123
0.653120
0.677512
0.653389
0.677781
0.653654
0.678046
0.653916
0.662288
0.654403
0.678834
0.678901
0.679017
0.655061
0.678370
0.655324
0.678620
0.655628
0.678907
0.679025
0.679140
0.656214
0.679412
0.656463
0.679207
0.657216
0.657363
0.679659
0.679772
0.679892
0.657990
0.680174
0.705803
0.680459
0.657040
0.680735
0.680856
0.657456
0.681077
0.657727
0.681335
0.658013
0.681655
0.658320
0.681910
0.658583
0.682167
0.682297
0.682416
0.659168
0.659196
0.682823
0.659472
0.683148
0.683272
0.683399
0.683522
0.683689
0.683816
0.683936
0.683385
0.671198
0.683676
0.762210
0.850508
0.873065
0.702143
0.702158
0.701921
0.830950
0.830978
0.831002
0.831027
0.831024
0.831047
0.831071
0.831092
0.831112
0.831129
0.831152
0.810714
0.810745
0.810756
0.810757
0.749339
0.701780
0.701990
0.701999
0.702016
0.818198
0.826305
0.826316
0.826311
0.826321
0.826333
0.812456
0.812444
0.812995
0.812793
0.812560
0.706155
0.706178
0.706197
0.817013
0.817018
0.814345
0.813579
0.813582
0.813512
0.813524
0.813524
0.813538
0.813541
0.813564
0.809472
0.809498
0.809521
0.809565
0.809599
0.812943
0.812958
0.812967
0.812980
0.812985
0.813000
0.812942
0.812944
0.812960
0.812971
0.833915
0.833931
0.833937
0.833947
0.833953
0.833968
0.833977
0.833988
0.834036
0.834051
0.826100
0.826116
0.826122
0.826134
0.826140
0.826156
0.826162
0.826149
0.826154
0.826150
0.826170
0.826171
0.826174
0.828026
0.828032
0.828045
0.828051
0.828064
0.828070
0.828098
0.828963
0.828954
0.828960
0.828970
0.828978
0.826626
0.826625
0.826626
0.826631
0.826634
0.826608
0.826617
0.826620
0.826625
0.826628
0.823227
0.823241
0.823245
0.813730
0.813745
0.813749
0.813732
0.813737
0.813746
0.813751
0.813743
0.814887
0.814903
0.814893
0.814903
0.814925
0.814929
0.814954
0.814952
0.814968
0.814943
0.814958
0.814965
0.814981
0.814993
0.710620
0.718579
0.721838
0.728736
0.729593
0.729623
0.729640
0.729585
0.729612
0.732877
0.732902
0.720804
0.729896
0.730270
0.720235
0.720975
0.720992
0.721009
0.721021
0.726249
0.718585
0.733960
0.733894
0.733886
0.733907
0.733907
0.733919
0.733926
0.733939
0.733944
0.733915
0.733939
0.733954
0.733952
0.733966
0.737201
0.737291
0.737300
0.737284
0.737293
0.739103
0.739208
0.739228
0.739314
0.739412
0.739521
0.739583
0.739669
0.739598
0.739768
0.739756
0.739743
0.739724
0.739713
0.739694
0.739649
0.739556
0.739628
0.739617
0.739453
0.739587
0.739568
0.739431
0.739524
0.739420
0.739400
0.739360
0.841254
0.842690
0.856727
0.844841
0.869580
0.748758
0.878012
0.852486
0.904871
0.905675
0.893893
0.907458
0.896790
0.904212
0.943678
0.942639
0.949091
0.958096
0.946484
0.947211
0.947881
0.966458
0.965430
0.953960
0.974592
0.859721
0.969649
0.968657
0.862896
0.972549
0.977547
0.998991
1.008511
1.007551
1.007657
1.006660
1.012717
0.896239
1.006141
1.005165
1.005274
1.005390
1.006696
1.006812
0.900033
1.020655
0.896739
1.001576
0.930153
0.897124
1.084883
1.109328
1.097335
1.134765
1.139223
1.132341
1.121350
1.172576
1.151892
1.180847
1.182502
1.179600
1.169849
1.195459
1.187421
1.182914
1.183138
1.189651
1.195717
1.213241
1.217459
1.242361
1.275571
1.265771
1.255612
1.275256
1.261622
1.306016
1.286629
1.321010
1.311353
1.329578
1.319893
1.340141
1.337189
1.321257
1.336025
1.351482
1.341247
1.333359
1.336000
1.333788
1.344362
1.233463
1.238040
1.385434
1.387678
1.400512
1.431715
1.551168
1.541300
1.551566
1.542897
