0.536973
0.534350
0.516256
0.518328
0.518486
0.517489
1.167218
1.162308
1.163676
1.167605
1.163938
1.164134
1.169141
1.169526
1.169659
1.169900
1.170057
1.170229
1.170364
1.170510
1.170802
1.172293
1.167347
1.171804
1.171977
1.172108
1.172075
1.184492
1.182957
1.186196
1.186606
1.186818
1.187000
1.187172
1.187334
1.187496
1.187656
1.187807
1.188118
1.188228
1.188320
1.188566
1.188732
1.189310
1.189315
1.189647
1.189847
1.190072
1.190399
1.190242
1.190916
1.190937
1.170707
1.191286
1.191420
1.191696
1.192007
1.192137
1.192903
1.193196
1.193718
1.194673
1.194823
1.195242
1.195238
1.196134
1.196459
1.196503
1.196766
1.196825
1.197106
1.197566
1.197617
1.197636
1.197735
1.198292
1.198346
1.198936
1.199512
1.200118
1.200874
1.201235
1.201769
1.201920
1.202177
1.202178
1.202416
1.202426
1.202600
1.203041
1.203181
1.203297
1.203582
1.203697
1.204223
1.204290
1.208203
1.202633
1.203519
1.203601
1.203713
1.203888
1.203964
1.204141
1.204229
1.204359
1.204475
1.204640
1.204797
1.204922
1.205002
1.205182
1.205340
1.205458
1.205563
1.205723
1.187557
1.205950
1.206055
1.206184
1.206284
1.206421
1.206544
1.206701
1.206823
1.210592
1.213066
1.213170
1.213290
1.212796
1.213553
1.213701
1.213851
1.214030
1.214166
1.214622
1.214565
1.214561
1.214842
1.214818
1.214926
1.215268
1.215335
1.215463
1.215588
1.215737
1.215862
1.215972
1.216246
1.216423
1.216539
1.216648
1.216815
1.216845
1.217028
1.217142
1.217252
1.216907
1.216669
1.217175
1.217004
1.217165
1.195455
1.197047
1.197112
1.197279
1.197510
1.197580
1.197650
1.197785
1.197854
1.198150
1.198252
1.198337
1.198400
1.198517
1.198623
1.198967
1.199262
1.199455
1.199543
1.199623
1.199876
1.199901
1.200011
1.200132
1.200235
1.200303
1.200488
1.200581
1.200703
1.200797
1.200902
1.200857
1.200242
1.201066
1.201207
1.201301
1.201433
1.201521
1.201705
1.201823
1.201910
1.202042
1.202075
1.202165
1.202284
1.202351
1.202553
1.202563
1.202661
1.202611
1.202897
1.203040
1.203170
1.203297
1.203423
1.203989
1.204564
1.204804
1.204943
1.205053
1.205212
1.205350
1.205455
1.205607
1.205730
1.205771
1.206027
1.206142
1.206368
1.206418
1.206576
1.206710
1.206813
1.206929
1.207092
1.207252
1.207374
1.207451
1.207572
1.207692
1.207593
1.208370
1.207789
1.208260
1.209028
1.209475
1.208841
1.208974
1.210876
1.211538
1.212361
1.212887
1.213071
1.213144
1.213729
1.214002
1.214177
1.214262
1.214602
1.214630
1.214742
1.214870
1.215260
1.215478
1.215591
1.215193
1.215894
1.215867
1.216154
1.216288
1.216395
1.216102
1.216737
1.216803
1.216890
1.217059
1.217161
1.217336
1.217443
1.217605
1.217713
1.217713
1.217993
1.218161
1.218257
1.218306
1.218376
1.218747
1.218704
1.218875
1.218962
1.219080
1.217926
1.217973
1.218105
1.218289
1.218418
1.218490
1.218578
1.218709
1.218797
1.218924
1.219014
1.219088
1.219198
1.219495
1.219528
1.219637
1.220268
1.220769
1.221182
1.221817
1.222262
1.222697
1.222845
1.222947
1.223015
1.223080
1.223044
1.223359
1.223433
1.232371
1.232525
1.232636
1.232850
1.233025
1.233160
1.233243
1.233408
1.233603
1.233731
1.233913
1.234044
1.234215
1.234141
1.234223
1.227558
1.227798
1.227704
1.227834
1.228006
1.227226
1.227361
1.227430
1.227519
1.227565
1.227653
1.227791
1.226575
1.226507
1.226484
1.226519
1.226620
1.226588
1.225171
1.226674
1.226758
1.226797
1.226809
1.226816
1.226777
1.226811
1.226803
1.226821
1.226809
1.226858
1.226963
1.226994
1.226819
1.226817
1.227151
1.228571
1.226501
1.226465
1.226457
1.226399
1.226401
1.226399
1.226402
1.226374
1.226384
1.226439
1.226613
1.226541
1.226745
1.226537
1.226681
1.226612
1.226600
1.226093
1.226687
1.226151
1.226138
1.226186
1.226186
1.226163
1.226154
1.226152
1.226218
1.226374
1.226442
1.226449
1.226504
1.226503
1.226440
1.226446
1.226410
1.226596
1.226568
1.226484
1.227045
1.227186
1.227378
1.227510
1.227591
1.227686
1.227791
1.228056
1.227685
1.227841
1.227854
1.228095
1.228145
1.227933
1.228376
1.228495
1.228610
1.228650
1.228695
1.229421
1.229247
1.229359
1.229431
1.229528
1.229692
1.229728
1.229703
1.229678
1.229637
1.229634
1.229757
1.229824
1.229856
1.229888
1.230029
1.227997
1.229670
1.230148
1.230167
1.230196
1.230202
1.230285
1.230362
1.230485
1.230507
1.230606
1.230622
1.230205
1.230777
1.230775
1.230827
1.230855
1.230880
1.230888
1.230947
1.230990
1.230984
1.231002
1.231004
1.231091
1.231554
1.231766
1.231821
1.232086
1.232189
1.232517
1.232322
1.232330
1.232350
1.232419
1.232653
1.232501
1.232905
1.233192
1.233271
1.233442
1.233348
1.233266
1.233284
1.233841
1.233512
1.233619
1.234175
1.233687
1.233721
1.233720
1.233734
1.233735
1.233663
1.233877
1.233872
1.233876
1.234995
1.234036
1.233796
1.234056
1.234135
1.234368
1.234419
1.234435
1.234605
1.234313
1.234266
1.234259
1.234233
1.234351
1.234338
1.234355
1.234434
1.234454
1.234560
1.234714
1.234812
1.234845
1.234903
1.234933
1.237635
1.234962
1.235027
1.235024
1.237946
1.235207
1.235304
1.235435
1.238501
1.235561
1.235570
1.235570
1.235631
1.235616
1.235648
1.235694
1.235675
1.235713
