0.087105
0.081013
0.067294
0.109855
0.128365
0.128792
0.122352
0.122124
0.124039
0.123736
0.123786
0.118096
0.123267
0.123353
0.123468
0.123554
0.123585
0.123684
0.123757
0.123875
0.123998
0.100060
0.099035
0.099304
0.124626
0.124768
0.124910
0.125139
0.131923
0.163310
0.180820
0.181018
0.181126
0.181264
0.181382
0.181510
0.181647
0.181727
0.181050
0.175504
0.175792
0.175921
0.176035
0.176163
0.176324
0.176447
0.176641
0.176482
0.176434
0.176514
0.176115
0.176274
0.176426
0.176591
0.176716
0.176861
0.176927
0.177080
0.177443
0.177661
0.177807
0.178017
0.183468
0.185706
0.185759
0.189504
0.189740
0.189909
0.190035
0.190054
0.190298
0.190443
0.190853
0.191028
0.190934
0.191042
0.191148
0.191262
0.191372
0.191481
0.191595
0.191718
0.191848
0.198691
0.198940
0.199141
0.199258
0.199401
0.199663
0.199802
0.199675
0.199786
0.200063
0.200173
0.200266
0.200392
0.200494
0.200626
0.200734
0.200856
0.200957
0.201074
0.201196
0.201357
0.201480
0.201595
0.201697
0.201638
0.201538
0.201842
0.201762
0.202068
0.203906
0.204052
0.204173
0.204293
0.204386
0.204548
0.204666
0.204786
0.204902
0.205011
0.210545
0.211206
0.211357
0.211458
0.211554
0.211547
0.210988
0.211637
0.211697
0.211792
0.208541
0.212011
0.212013
0.212114
0.212190
0.212161
0.212484
0.212418
0.212543
0.212663
0.212772
0.212866
0.212931
0.213392
0.213509
0.213670
0.213776
0.213890
0.213998
0.214109
0.214262
0.214364
0.214353
0.214619
0.214740
0.214745
0.214979
0.215094
0.215205
0.213148
0.215224
0.215060
0.215195
0.215306
0.215437
0.215554
0.215686
0.215795
0.215885
0.215985
0.216134
0.214989
0.218323
0.218520
0.216406
0.218848
0.218964
0.219066
0.219168
0.219284
0.219357
0.218323
0.219609
0.218573
0.219885
0.218848
0.219620
0.222043
0.222427
0.222505
0.222608
0.217243
0.222412
0.222515
0.222638
0.222750
0.222854
0.222952
0.223070
0.222291
0.217588
0.217355
0.222349
0.222820
0.222639
0.222732
0.222846
0.222906
0.224494
0.224607
0.224549
0.224644
0.224543
0.224562
0.224595
0.224018
0.220799
0.224283
0.224434
0.224557
0.224658
0.224775
0.224834
0.224915
0.220734
0.225168
0.223579
0.223644
0.223732
0.223845
0.223925
0.222896
0.224229
0.224334
0.224443
0.224568
0.224281
0.223741
0.216635
0.223990
0.224087
0.217068
0.217193
0.217308
0.217406
0.217526
0.217630
0.217792
0.217902
0.218018
0.218138
0.218287
0.218394
0.218810
0.220531
0.220621
0.220743
0.220821
0.220915
0.220986
0.221074
0.221147
0.209137
0.218567
0.218676
0.218722
0.218804
0.218823
0.218950
0.219020
0.221997
0.219171
0.221580
0.219250
0.219334
0.222552
0.219778
0.223562
0.223744
0.225828
0.225922
0.229122
0.224154
0.229304
0.226316
0.229465
0.226467
0.229589
0.226577
0.226371
0.226092
0.226545
0.230038
0.221021
0.230153
0.224734
0.230348
0.221581
0.221534
0.221610
0.230678
0.221713
0.230861
0.230927
0.221931
0.231093
0.219397
0.231239
0.222281
0.222347
0.222370
0.231565
0.222550
0.222613
0.222701
0.231935
0.222863
0.222942
0.222953
0.232274
0.223066
0.232426
0.223224
0.232582
0.223365
0.232747
0.232819
0.223639
0.223711
0.223778
0.233171
0.223893
0.223808
0.233395
0.223898
0.233544
0.233609
0.233974
0.224986
0.225047
0.235808
0.225288
0.225352
0.236098
0.225538
0.236288
0.225677
0.236446
0.225769
0.225810
0.236696
0.225966
0.226035
0.236917
0.226197
0.237091
0.226348
0.237257
0.226490
0.237408
0.236696
0.226767
0.237796
0.228748
0.239649
0.228966
0.229116
0.239316
0.229292
0.240211
0.229438
0.232074
0.240086
0.229699
0.240262
0.229869
0.240433
0.230038
0.240605
0.230178
0.230262
0.230319
0.230384
0.241138
0.241295
0.241389
0.231453
0.231536
0.231670
0.246442
0.235998
0.246772
0.246776
0.246856
0.236394
0.236480
0.236525
0.237258
0.236677
0.236418
0.236852
0.247545
0.236990
0.237018
0.237109
0.247760
0.237224
0.247923
0.237372
0.248052
0.237565
0.248185
0.248269
0.248327
0.248387
0.248415
0.248454
0.248556
0.249061
0.249218
0.249349
0.249454
0.249591
0.249681
0.249823
0.249907
0.249948
0.249262
0.250106
0.249159
0.249679
0.249829
0.250674
0.250111
0.250857
0.250244
0.251031
0.250420
0.250523
0.241567
0.241488
0.241740
0.241805
0.241823
0.241906
0.242168
0.242201
0.242463
0.225197
0.242677
0.240766
0.242974
0.243118
0.243248
0.243371
0.243461
0.243517
0.243552
0.243619
0.243635
0.241796
0.243813
0.243841
0.242008
0.242082
0.242072
0.242138
0.242171
0.242217
0.242248
0.242423
0.242390
0.242472
0.242465
0.242540
0.242604
0.242613
0.242716
0.242749
0.242871
0.243003
0.243117
0.240028
0.240062
0.240307
0.240431
0.240574
0.240711
0.240836
0.240922
0.241000
0.241049
0.241085
0.241082
0.240805
0.241354
0.241429
0.241502
0.241537
0.241584
0.241619
0.241401
0.241764
0.241853
0.241870
0.241969
0.242038
0.242059
0.242141
0.242184
0.242268
0.242315
0.242399
0.242706
0.242884
0.243032
0.243174
0.243314
0.243455
0.243603
0.243751
0.243861
0.243991
0.244115
0.244150
0.244248
0.244283
0.244141
0.244486
0.244173
0.244623
0.244697
0.244737
0.244522
0.244892
0.244820
0.245025
0.245102
0.244993
0.242600
0.245277
0.245168
0.245201
0.245386
0.245360
0.245442
0.245477
0.245852
0.246118
0.246268
0.246401
0.246042
0.246231
0.246354
0.246486
0.246621
0.246752
0.246786
0.247046
0.247122
0.247171
0.247262
0.247327
0.247408
0.247442
0.247520
0.247566
0.247638
0.247683
0.247764
0.247801
0.247876
0.247907
0.247987
0.248022
0.248099
0.248125
0.248202
0.248233
0.248324
0.248367
0.248450
0.248659
0.248794
0.248935
0.249068
0.249207
0.249346
0.249480
0.249622
0.249723
0.249893
0.249990
0.250092
0.250229
0.250272
0.250353
0.250388
0.250489
0.250530
0.250604
0.250658
0.250734
0.250767
0.250834
0.250877
0.250709
0.250666
0.250741
0.250768
0.248714
0.248678
0.248748
0.248784
0.248872
0.248969
0.249100
0.249239
0.249361
0.249468
0.249607
0.249714
0.249856
0.249988
0.250139
0.249885
0.249939
0.249991
0.250095
0.250165
0.247127
0.250343
0.250378
0.250476
0.224195
0.250644
0.247659
0.250789
0.247803
0.250946
0.247966
0.251106
0.248111
0.251228
0.248267
0.248285
0.250331
0.249520
0.251629
0.250467
0.252729
0.250824
0.253035
0.251131
0.251282
0.244211
0.253574
0.243701
0.253701
0.250791
0.253846
0.251867
0.251935
0.254088
0.252067
0.252109
0.254326
0.254369
0.252349
0.252007
0.251717
0.254678
0.251876
0.254816
0.252020
0.254981
0.255058
0.252222
0.245469
0.255285
0.244631
0.244400
0.244529
0.255822
0.238538
0.256091
0.238402
0.256391
0.236707
0.236465
0.256886
0.257002
0.236989
0.237154
0.237199
0.237280
0.257761
0.257933
0.237819
0.240406
0.240499
0.261095
0.240629
0.261236
0.240700
0.261322
0.240716
0.240889
0.261528
0.240970
0.246809
0.267575
0.246960
0.267765
0.267873
0.247205
0.247285
0.247350
0.247396
0.268287
0.247573
0.268401
0.268498
0.247786
0.247855
0.247901
0.268812
0.248049
0.266551
0.248194
0.269096
0.248353
0.269270
0.248515
0.248586
0.248627
0.269588
0.269628
0.248882
0.269780
0.249042
0.249078
0.249041
0.270104
0.249329
0.249368
0.270317
0.249527
0.270475
0.270510
0.249760
0.249765
0.249914
0.270844
0.250000
0.271002
0.271042
0.250330
0.250344
0.271331
0.250535
0.271460
0.250675
0.250704
0.271699
0.250635
0.271847
0.250765
0.271968
0.250839
0.272124
0.250990
0.272278
0.251138
0.272461
0.251283
0.251323
0.251397
0.272786
0.251903
0.273277
0.273366
0.252089
0.252166
0.252100
0.273685
0.252241
0.252187
0.273936
0.252318
0.274080
0.252300
0.274238
0.252548
0.252620
0.274472
0.252628
0.274636
0.274713
0.252761
0.274869
0.252844
0.274685
0.274414
0.253124
0.274632
0.254017
0.254174
0.275859
0.254378
0.275297
0.254499
0.276384
0.254678
0.270376
0.254826
0.254760
0.257910
0.254843
0.277003
0.277048
0.254706
0.277197
0.254370
0.277351
0.254556
0.277507
0.254520
0.277666
0.254881
0.277792
0.255042
0.278001
0.255306
0.278237
0.278259
0.255537
0.277858
0.255703
0.278010
0.255871
0.278167
0.256037
0.256089
0.256128
0.256306
0.256269
0.256347
0.256507
0.256509
0.256543
0.256636
0.256710
0.256338
0.256860
0.256920
0.256938
0.257023
0.257060
0.257160
0.257200
0.257263
0.257304
0.257400
0.257434
0.257516
0.257589
0.257701
0.257653
0.258222
0.257803
0.253532
0.257952
0.258051
0.258096
0.258174
0.258247
0.257667
0.256997
0.258426
0.258496
0.257954
0.258624
0.258129
0.258816
0.258872
0.258917
0.258478
0.259082
0.259165
0.258695
0.259281
0.258808
0.259472
0.259706
0.259841
0.259412
0.259987
0.259562
0.259542
0.260206
0.259875
0.260496
0.260572
0.260596
0.260297
0.260357
0.260371
0.260887
0.260956
0.260592
0.260655
0.260678
0.260768
0.260843
0.260867
0.260951
0.260987
0.261047
0.261077
0.261159
0.261195
0.261246
0.261315
0.261349
0.260040
0.261454
0.261553
0.261647
0.261720
0.261829
0.261910
0.261937
0.262026
0.262011
0.262094
0.262134
0.262217
0.262253
0.262054
0.262395
0.262230
0.262348
0.262791
0.262527
0.262934
0.262684
0.262720
0.263106
0.262840
0.263244
0.263281
0.263099
0.263136
0.263208
0.263610
0.263350
0.263408
0.263444
0.263239
0.263575
0.263382
0.263855
0.263498
0.263922
0.263662
0.263710
0.264116
0.264199
0.263904
0.264335
0.264050
0.264594
0.264710
0.264851
0.264978
0.264506
0.265083
0.253940
0.264970
0.265561
0.265282
0.265407
0.265472
0.266008
0.265587
0.266165
0.266253
0.265886
0.265959
0.266487
0.266109
0.266188
0.266740
0.266312
0.255083
0.266983
0.266553
0.266517
0.267238
0.266782
0.266897
0.267619
0.268064
0.267779
0.267904
0.267966
0.268709
0.268185
0.270722
0.270374
0.271146
0.270662
0.271425
0.270886
0.271800
0.271231
0.261705
0.271663
0.261977
0.262107
0.272140
0.262485
0.262621
0.272663
0.262923
0.262705
0.262816
0.262933
0.263081
0.263210
0.263812
0.263912
0.264037
0.263782
0.263912
0.264048
0.264693
0.264385
0.264953
0.264677
0.264800
0.265401
0.265099
0.265708
0.265395
0.265526
0.266130
0.265802
0.265935
0.266516
0.266546
0.266703
0.266820
0.266964
0.269306
0.270464
0.270564
0.632154
0.630264
0.611777
0.634819
0.631655
