1.397787
1.424940
1.374640
1.374553
1.374999
1.423353
1.375185
1.375325
1.430134
1.430220
1.430387
1.424905
1.431392
1.376851
1.377066
1.378015
1.377061
1.426903
1.428244
1.405031
1.428519
1.428646
1.428737
1.405549
1.405608
1.429046
1.405834
1.405869
1.405965
1.429420
1.429469
1.406261
1.412365
1.412425
1.430470
1.430624
1.412667
1.430718
1.428031
1.413062
1.413120
1.413247
1.413343
1.431323
1.431313
1.413639
1.431496
1.413816
1.431925
1.431972
1.432048
1.431995
1.432071
1.409415
1.436933
1.438664
1.437088
1.414495
1.414526
1.414602
1.439081
1.439214
1.439206
1.439296
1.439390
1.439456
1.439506
1.439579
1.439623
1.440579
1.442916
1.443035
1.442192
1.443568
