0.206580
0.216533
0.215896
0.207982
0.206670
0.208394
0.207708
0.208431
0.206381
0.217040
0.207661
0.206616
0.229966
0.208031
0.207010
0.207199
0.209829
0.208715
0.245348
0.215411
0.226429
0.233897
0.229452
0.241893
0.245153
0.259855
0.260004
0.290272
0.281673
0.284299
0.311513
0.303488
0.335358
0.359793
0.377213
0.381577
0.393408
0.391227
0.389046
0.390623
0.424914
0.430371
0.430460
0.482617
0.510252
0.510460
0.499787
0.510752
0.502607
0.502743
0.501551
0.523599
0.523761
0.524388
0.540760
0.550613
0.550798
0.544565
0.545848
0.551366
0.552035
0.555479
0.569751
0.575128
0.590386
0.604164
0.619263
0.605602
0.607768
0.617565
0.641179
0.640867
0.678665
0.668129
0.670178
0.675778
0.706769
0.685832
0.718615
0.716131
0.737320
0.718894
0.748115
0.748312
0.818287
0.790263
0.791399
0.770615
0.798418
0.798685
0.822515
0.827767
0.818246
0.810254
0.817244
0.818675
0.827129
0.819105
0.816844
0.826382
0.827201
0.843713
0.852433
0.842984
0.843198
0.828822
0.873275
0.886626
0.898771
0.916493
0.909250
0.912563
0.948421
0.929043
0.950509
0.955814
0.978654
0.988868
1.002794
1.009125
1.019711
1.023219
1.043012
1.066937
1.080112
1.071196
1.084975
1.075413
1.080534
1.100926
1.085279
1.146948
1.149148
1.147191
1.147655
1.147682
1.142784
1.156079
1.156374
1.152564
1.156864
1.157498
1.157803
1.163175
1.163569
1.163961
1.163985
1.164126
1.164336
1.164436
1.128820
1.165046
1.157789
1.162458
1.158382
1.158685
1.158750
1.159015
1.159362
1.159670
1.159710
1.159816
1.159937
1.159882
1.159874
1.160311
1.160628
1.161135
1.158813
1.161705
1.159085
1.159141
1.162089
1.162073
1.159634
1.162554
1.160761
1.168055
1.168207
1.170976
1.169578
1.173168
1.174477
1.175475
1.175602
1.175862
1.175985
1.176127
1.176260
1.176339
1.176492
1.125150
1.180302
1.180587
1.180883
1.181159
1.181336
1.181488
1.181834
1.161381
1.182779
1.182811
1.186508
1.186695
1.187007
1.187202
1.187601
1.187896
1.188225
1.188515
1.188806
1.189067
1.189233
1.189452
1.189598
1.189700
1.187925
1.190065
1.190217
1.190346
1.190662
1.190785
1.191245
1.191276
1.191566
1.191856
1.192150
1.139870
1.192804
1.192926
1.193033
1.193175
1.193338
1.190510
1.178479
1.190857
1.185450
1.185578
1.185780
1.185901
1.185986
1.186588
1.186678
1.186812
1.186930
1.187058
1.187162
1.187293
1.187405
1.187527
1.187606
1.186759
1.187798
1.194199
1.187953
1.188041
1.188110
1.188445
1.188563
1.188643
1.188677
1.188756
1.188821
1.188908
1.188958
1.189051
1.189095
1.189178
1.189186
1.189266
1.196139
1.189533
1.189606
1.189967
1.192273
1.192486
1.192573
1.192710
1.192840
1.192984
1.201160
1.198106
1.196067
1.194590
1.194660
1.194744
1.194807
1.194828
1.189736
1.195075
1.195458
1.195538
1.195582
1.195607
1.195675
1.195770
1.195825
1.195880
1.195917
1.196301
1.196369
1.197208
1.197335
1.197465
1.197537
1.198084
1.198171
1.198234
1.198316
1.198375
1.198455
1.198529
1.198597
1.198668
1.206848
1.198843
1.198845
1.199038
1.199361
1.199433
1.199494
1.199553
1.199599
1.199669
1.199719
1.199835
1.199710
1.200084
1.200206
1.200318
1.196512
1.196609
1.196726
1.199000
1.201294
1.201409
1.201476
1.201552
1.201670
1.201785
1.201895
1.201992
1.202094
1.202168
1.202259
1.202371
1.202475
1.202565
1.204378
1.205443
1.205502
1.205591
1.205611
1.205729
1.205886
1.206030
1.206063
1.206144
1.206213
1.206275
1.215758
1.206439
1.206504
1.206654
1.207083
1.207140
1.207217
1.207293
1.207378
1.207600
1.207681
1.207751
1.207837
1.207903
1.217634
1.208062
1.208116
1.167239
1.208369
1.207612
1.207653
1.207701
1.207757
1.207422
1.207475
1.207557
1.207695
1.207745
1.207798
1.207814
1.207869
1.188321
1.208019
1.208071
1.208115
1.220168
1.220260
1.220752
1.220815
1.220879
1.218459
1.216393
1.214665
1.217200
1.214612
1.221432
1.221499
1.221531
1.221603
1.221678
1.221747
1.221830
1.221969
1.222299
1.222360
1.222354
1.220750
1.220803
1.220860
1.220922
1.221019
1.221077
1.220948
1.221262
1.221337
1.221419
1.221459
1.221544
1.221693
1.222044
1.222070
1.222100
1.217950
1.222272
1.222351
1.222410
1.222493
1.222556
1.222644
1.222685
1.222764
1.222828
1.222903
1.223034
1.223366
1.223414
1.223490
1.223534
1.223619
1.223681
1.223861
1.220383
1.229410
1.229456
1.229546
1.229622
1.229765
1.229788
1.229955
1.230349
1.230433
1.230104
1.230205
1.230220
1.230282
1.231151
1.231471
1.231591
1.231666
1.231726
1.231788
1.231860
1.231938
1.232075
1.232469
1.188558
1.232632
1.232982
1.233056
1.233091
1.233188
1.233250
1.233328
1.233399
1.233469
1.233505
1.233564
1.233602
1.233747
1.234133
1.234220
1.234281
1.234347
1.234348
1.234386
1.234474
1.234532
1.234619
1.234670
1.234753
1.234855
1.234870
1.234947
1.234993
1.235139
1.235427
1.235513
1.235560
1.235636
1.235721
1.235716
1.235782
1.234243
1.235942
1.236047
1.236019
1.236066
1.236144
1.236211
1.236340
1.232611
1.225749
1.213117
1.227218
1.227276
1.234253
1.227468
1.227591
1.227879
1.227946
1.229441
1.228108
1.228155
1.228226
1.227336
1.227256
1.228280
1.227409
1.227582
1.227539
1.227668
1.227706
1.227756
1.227897
1.229308
1.238763
1.230565
1.231809
1.235585
1.235905
1.236078
1.236194
1.236307
1.236718
1.237511
1.237097
1.237264
1.237394
1.238202
1.238364
1.238454
1.238581
1.238695
1.238809
1.238924
1.239039
1.239149
1.239256
1.239402
1.239730
1.239999
1.240418
1.240788
1.239964
1.240202
1.240282
1.240323
1.240421
1.240508
1.240575
1.240665
1.240760
1.240837
1.240938
1.240602
1.241054
1.241159
1.241244
1.241341
1.242042
1.242371
1.242442
1.242532
1.242570
1.242644
1.242712
1.242792
1.242863
1.242872
1.242942
1.243070
1.243182
1.243223
1.243302
1.243456
1.243764
1.255701
1.243502
1.243551
1.243627
1.243683
1.243754
1.243845
1.242641
1.243703
1.243874
1.220465
1.220580
1.244350
1.244525
1.244927
1.244995
1.245064
1.245144
1.245228
1.245301
1.245370
1.245438
1.245535
1.245591
1.244006
1.245767
1.245891
1.246004
1.246836
1.247922
1.248678
1.249007
1.249135
1.249073
1.249396
1.249538
1.249603
1.249745
1.249846
1.249967
1.250349
1.250669
1.250971
1.251650
1.251756
1.252110
1.252358
1.252667
1.252892
1.252946
1.253057
1.261493
1.261683
1.261779
1.261845
1.261934
1.261944
1.262129
1.262297
1.262605
1.262653
1.262740
1.278093
1.262989
1.263066
1.263142
1.263213
1.263271
1.263336
1.263783
1.263864
1.263927
1.263988
1.264047
1.264126
1.264278
1.264468
1.264540
1.264597
1.264772
1.264882
1.238702
1.249708
1.249831
1.239039
1.276763
1.263713
1.263836
1.277034
1.277074
1.277143
1.277297
1.277644
1.277711
1.277783
1.277874
1.277970
1.278012
1.278076
1.278136
1.278213
1.278284
1.277535
1.278430
1.278508
1.278578
1.278705
1.278969
1.279050
1.279131
1.279179
1.279254
1.279326
1.279041
1.279106
1.279164
1.279231
1.279192
1.279260
1.279317
1.269341
1.279558
1.269280
1.279944
1.280028
1.280137
1.282997
1.283419
1.278839
1.279019
1.279375
1.246086
1.219557
1.279766
1.279441
1.289978
1.290154
1.280163
1.280313
1.290887
1.280540
1.280669
1.280783
1.291461
1.291594
1.281219
1.281263
1.281339
1.281393
1.292087
1.281573
1.292389
1.282089
1.292790
1.292829
1.292887
1.292953
1.282532
1.282547
1.293207
1.282717
1.292561
1.282862
1.293542
1.283012
1.283084
1.293853
1.294126
1.294212
1.294224
1.294308
1.293724
1.293766
1.293852
1.284158
1.284210
1.284277
1.284319
1.294262
1.294353
1.294389
1.294454
1.294563
1.294849
1.294934
1.294992
1.295077
1.295096
1.295179
1.285785
1.295449
1.295518
1.295582
1.286149
1.286187
1.282577
1.286355
1.296149
1.296720
1.287296
1.276577
1.271686
1.287198
1.288778
1.297682
1.269591
1.297931
1.298064
1.288029
1.270050
1.270136
1.270325
1.261753
1.291684
1.302427
1.302543
1.302664
1.276730
1.302833
1.302895
1.302957
1.300664
1.303142
1.303207
1.303314
1.302400
1.303616
1.303734
1.303750
1.303846
1.303867
1.303977
1.303339
1.303472
1.293941
1.303707
1.303782
1.294164
1.294280
1.293618
1.304421
1.293898
1.293949
1.304709
1.294078
1.294125
1.305052
1.305251
1.294611
1.294960
1.305657
1.305705
1.305776
1.295468
1.295211
1.305950
1.305034
1.306023
1.290040
1.295901
1.295915
1.305697
1.296412
1.306200
1.306264
1.306317
1.306362
1.302777
1.306499
1.306560
1.296995
1.297086
1.306744
1.297211
1.306938
1.278774
1.307063
1.289451
1.299385
1.279261
1.279278
1.310347
1.300120
1.293443
1.310491
1.293763
1.293793
1.293917
1.293889
1.293946
1.294091
1.294083
1.294098
1.294084
1.294141
1.294165
1.294198
1.294244
1.294508
1.294937
1.294536
1.294994
1.294674
1.295438
1.295149
1.295692
1.295308
1.295686
1.295772
1.295801
1.289358
1.289502
1.289548
1.289629
1.296198
1.296249
1.289856
1.296343
1.290037
1.296496
1.290387
1.297015
1.297031
1.297188
1.297238
1.297211
1.297345
1.297407
1.297481
1.297551
1.297690
1.297783
1.297898
1.297933
1.297917
1.298104
1.298125
1.298467
1.298522
1.298547
1.298580
1.298593
1.298700
1.298747
1.298757
1.298945
1.299022
1.299072
1.299078
1.299124
1.299232
1.299271
1.299453
1.299522
1.299546
1.299597
1.299641
1.299652
1.299802
1.299848
1.299858
1.299886
1.299931
1.300071
1.300121
1.300221
1.300299
1.300539
1.300579
1.300632
1.300665
1.300686
1.300788
1.300830
1.300851
1.300918
1.300958
1.301011
1.301043
1.301094
1.301184
1.301215
1.301615
1.301667
1.301756
1.301767
1.301446
1.301562
1.301669
1.301497
1.306503
1.306590
1.306683
1.306696
1.306721
1.306735
1.306688
1.306705
1.306736
1.306737
1.306764
1.306760
1.306778
1.306763
1.306782
1.307057
1.306914
1.306925
1.307212
1.307228
1.307226
1.307229
1.307216
1.306360
1.293043
1.307700
1.307757
1.307795
1.307833
1.307873
1.307940
1.308038
1.308134
1.308214
1.308367
1.308414
1.308442
1.308508
1.307917
1.309027
1.309057
1.309080
1.309124
1.309180
1.309620
1.309619
1.309733
1.309777
1.299375
1.309875
1.309886
1.309930
1.309982
1.310024
1.310130
1.310444
1.310499
1.310529
1.310571
1.310621
1.310662
1.310651
1.310696
1.310730
1.310768
1.310810
1.310857
1.310882
1.310926
1.310972
1.311393
1.311376
1.311416
1.311469
1.311511
1.311547
1.311588
1.311634
1.311683
1.311722
1.311739
1.310037
1.311828
1.311872
1.311927
1.312305
1.312367
1.312397
1.312415
1.312467
1.312283
1.312487
1.312517
1.312569
1.312613
1.312649
1.312661
1.312711
1.304074
1.295952
1.304182
1.304240
1.311782
1.304347
1.304451
1.305982
1.304639
1.306382
1.306429
1.305000
1.305035
1.305091
1.305134
1.305175
1.306798
1.306854
1.306885
1.306937
1.306981
1.307034
1.307078
1.307130
1.310825
1.307507
1.307530
1.306956
1.306989
1.312638
1.326642
1.307156
1.306690
1.307995
1.306801
1.306804
1.313599
1.302831
1.330532
1.304190
1.307192
1.306300
1.303599
1.300069
1.306460
1.314183
1.314233
1.314267
1.314284
1.308294
1.314406
1.308410
1.306990
1.308522
1.307114
1.307492
1.313913
1.313960
1.313991
1.314033
1.313705
1.313746
1.313796
1.313805
1.313832
1.313870
1.313911
1.313964
1.314027
1.314054
1.314297
1.314404
1.314528
1.314628
1.309598
1.309564
1.309611
1.315136
1.318182
1.309805
1.309866
1.309954
1.319692
1.310084
1.310130
1.310567
1.309393
1.318825
1.319367
1.319406
1.319473
1.319485
1.319534
1.319003
1.313033
1.319204
1.319256
1.319260
1.319370
1.314877
1.313238
1.313297
1.313330
1.313382
1.320074
1.313491
1.320190
1.320236
1.314372
1.320317
1.320373
1.320443
1.320645
1.320650
1.320646
1.321157
1.321196
1.327425
1.322344
1.319981
1.319985
1.320025
1.320064
1.324511
1.324537
1.324553
1.324548
1.324553
1.324525
1.324538
1.324547
1.324558
1.324562
1.324576
1.324592
1.324605
1.324607
1.324665
1.324711
1.324752
1.325618
1.325781
1.325920
1.326037
1.326117
1.326231
1.326576
1.322630
1.323295
1.323382
1.323481
1.323547
1.323629
1.323723
1.323811
1.324467
1.331110
1.324494
1.326139
1.326167
1.326159
1.334425
1.326138
1.334443
1.326151
1.334447
1.326154
1.334459
1.326166
1.334462
1.329122
1.334439
1.326083
1.334450
1.326097
1.334645
1.334734
1.334741
1.334774
1.334806
1.334853
1.334856
1.334870
1.334964
1.334977
1.335308
1.335403
1.335442
1.335493
1.335528
1.335545
1.335581
1.335621
1.335647
1.335664
1.335705
1.335746
1.335773
1.318380
1.335978
1.335976
1.336300
1.325297
1.326590
1.328054
1.328428
1.328445
1.335213
1.336974
1.324909
1.325541
1.326611
1.326654
1.328194
1.331549
1.335420
1.322680
1.328438
1.338349
1.335480
1.337084
1.335499
1.326275
1.337114
1.337328
1.330665
1.331814
1.330689
1.331437
1.335924
1.331236
1.331312
1.331460
1.331528
1.331579
1.331590
1.331259
1.331272
1.331303
1.332710
1.332639
1.324549
1.332755
1.280716
1.332778
1.332588
1.324865
1.324856
1.324886
1.324927
1.324954
1.324973
1.325008
1.331437
1.328869
1.325185
1.333125
1.325281
1.332802
1.335356
1.325544
1.325557
1.292535
1.326137
1.292875
1.326149
1.326165
1.326236
1.326174
1.326137
1.326148
1.326171
1.326214
1.326266
1.326396
1.293443
1.293830
1.293934
1.293982
1.294002
1.294048
1.294098
1.294151
1.294177
1.294231
1.294280
1.294327
1.294381
1.294445
1.294499
1.294566
1.295570
1.326864
1.326812
1.326855
1.326890
1.326902
1.326925
1.309574
1.326943
1.326960
1.326993
1.327009
1.327013
1.327002
1.327018
1.327024
1.327042
1.327176
1.327324
1.327377
1.327373
1.310627
1.339202
1.338804
1.297687
1.331862
1.338711
1.338669
1.287786
1.337864
1.330903
1.335372
1.330412
1.330463
1.330496
1.330549
1.330569
1.330608
1.330618
1.330658
1.330671
1.330677
1.331300
1.331307
1.331330
1.331334
1.331324
1.331560
1.331698
1.331709
1.331863
1.331883
1.331914
1.331920
1.331963
1.332063
1.332291
1.332320
1.332361
1.332401
1.332410
1.332426
1.332457
1.332500
1.332518
1.332519
1.333997
1.333854
1.315191
1.315358
1.258883
1.333942
1.333785
1.315651
1.307068
1.307038
1.316207
1.333918
1.307595
1.307645
1.307713
1.307785
1.307952
1.308339
1.308426
1.308489
1.308572
1.308651
1.308715
1.317691
1.308865
1.308942
1.309010
1.338172
1.309164
1.318120
1.335785
1.318341
1.262218
1.336157
1.318899
1.319025
1.319133
1.319201
1.319243
1.306643
1.315456
1.315384
1.315442
1.315226
1.315688
1.263706
1.315947
1.316610
1.316672
1.315971
1.318201
1.318419
1.318527
1.317076
1.320565
1.317653
1.317507
1.318345
1.318472
1.318591
1.318755
1.318841
1.320436
1.320567
1.320775
1.315954
1.320918
1.320997
1.321031
1.320307
1.320363
1.320489
1.320531
1.320543
1.320555
1.320610
1.349960
1.320737
1.320798
1.320834
1.350166
1.321272
1.321309
1.321328
1.317838
1.326034
1.326072
1.326394
1.321740
1.321758
1.321809
1.321837
1.321921
1.322039
1.322020
1.322355
1.322402
1.322437
1.322498
1.322560
1.352435
1.322757
1.322754
1.322787
1.322854
1.322915
1.323089
1.326852
1.323155
1.323179
1.323547
1.323610
1.323637
1.323679
1.323745
1.323783
1.320827
1.323885
1.323929
1.323808
1.324075
1.321407
1.324313
1.321379
1.321515
1.321781
1.321949
1.322282
1.322354
1.322401
1.355410
1.322568
1.322678
1.322735
1.322791
1.322854
1.322991
1.323048
1.313848
1.279312
1.323560
1.323576
1.324085
1.328044
1.328374
1.328369
1.329412
1.328067
1.328111
1.325454
1.333604
1.328073
1.333643
1.329402
1.281715
1.329247
1.329090
1.328903
1.329317
1.333283
1.334740
1.329422
1.334820
1.334830
1.334842
1.334676
1.334708
1.334732
1.334812
1.360154
1.334925
1.334991
1.335131
1.335413
1.335437
1.335467
1.335520
1.335629
1.335687
1.335738
1.335758
1.335799
1.335856
1.335883
1.335909
1.335927
1.335988
1.336124
1.336434
1.285895
1.337218
1.337050
1.336702
1.334604
1.334658
1.334668
1.334841
1.338791
1.335603
1.337716
1.337737
1.337754
1.337827
1.337835
1.337901
1.337940
1.338009
1.337603
1.337738
1.337793
1.337848
1.337878
1.337927
1.337957
1.338083
1.338457
1.338527
1.338977
1.339027
1.339085
1.339119
1.339130
1.339170
1.339189
1.339226
1.339262
1.339291
1.339320
1.339314
1.339365
1.339476
1.367038
1.339788
1.339832
1.339880
1.339929
1.339419
1.339998
1.341702
1.291369
1.341117
1.341050
1.340925
1.340797
1.339972
1.340062
1.340142
1.340595
1.340604
1.340651
1.340686
1.340699
1.340751
1.340793
1.340879
1.340913
1.340983
1.341119
1.342128
1.342049
1.293429
1.369903
1.342180
1.345659
1.345772
1.345793
1.345790
1.345799
1.345798
1.370872
1.371268
1.351501
1.372825
1.372313
1.371333
1.371372
1.371364
1.371445
1.371634
1.371973
1.372074
1.372096
1.372173
1.372251
1.374239
1.350810
1.375476
1.375483
1.375500
1.375541
1.375564
1.375586
1.375614
1.375618
1.375640
1.375653
1.375685
1.375708
1.375703
1.375787
1.375895
1.351662
1.375921
1.375928
1.375971
1.375967
1.375968
1.377065
1.375982
1.376913
1.376834
1.357241
1.376658
1.357321
1.357236
1.347855
1.352715
1.370145
1.382170
1.378484
1.376933
1.376181
1.376076
1.349269
1.353162
1.349842
1.352972
1.353018
1.351126
1.350605
1.350493
1.385923
1.302446
1.350497
1.349540
1.349292
1.387359
1.386295
1.377501
1.386277
1.395845
1.380774
1.386585
1.386102
1.390353
1.386530
1.387242
1.388350
1.396441
1.388240
1.386502
1.398081
1.386466
1.336379
1.420265
1.420306
1.425026
1.430335
1.342034
1.434698
1.477199
1.472015
1.428912
1.488633
1.513460
1.544892
1.552797
1.561423
1.565064
1.575733
1.576899
