0.400682
0.428337
0.401070
1.048831
1.046830
1.048272
1.048679
1.049048
1.045665
1.050416
1.050902
1.051124
1.051469
1.047952
1.047897
1.052081
1.052228
1.049019
1.053491
1.056831
1.053889
1.041156
1.056137
1.056299
1.050609
1.050866
1.051137
1.051536
1.051840
1.051962
1.052378
1.052355
1.039010
1.039140
1.053056
1.053218
1.039760
1.053494
1.039918
1.052255
1.053094
1.046917
1.053964
1.053991
1.052559
1.053221
1.053380
1.053500
1.053593
1.053767
1.053903
1.055381
1.054214
1.054339
1.054458
1.054603
1.054913
1.055041
1.055168
1.055283
1.055410
1.055524
1.055982
1.056327
1.056477
1.056840
1.056829
1.057026
1.057231
1.057375
1.057695
1.058001
1.058457
1.058602
1.058638
1.058750
1.058863
1.059075
1.059340
1.059298
1.061261
1.061800
1.061970
1.062078
1.062244
1.062392
1.062673
1.062674
1.062886
1.062983
1.063187
1.063402
1.063510
1.063725
1.064135
1.064521
1.037420
1.065748
1.066426
1.067148
1.067497
1.065896
1.066187
1.066294
1.066407
1.066543
1.066651
1.066791
1.066922
1.067087
1.067198
1.067358
1.067478
1.067631
1.067736
1.067526
1.067605
1.067788
1.067987
1.068087
1.068333
1.068536
1.068642
1.071243
1.068991
1.069010
1.069024
1.069215
1.071949
1.069745
1.072318
1.072455
1.072583
1.072689
1.072832
1.073048
1.073287
1.073406
1.073549
1.073713
1.073832
1.073938
1.074255
1.074272
1.078520
1.081433
1.079450
1.079537
1.079728
1.079849
1.082225
1.082386
1.080293
1.080419
1.080496
1.080660
1.080730
1.080934
1.081011
1.081191
1.081307
1.081507
1.081627
1.081707
1.081932
1.081992
1.082193
1.082216
1.082431
1.082494
1.082696
1.082819
1.082976
1.083093
1.083270
1.083481
1.083915
1.083981
1.084562
1.084708
1.084189
1.085951
1.086244
1.087837
1.088440
1.088858
1.089641
1.090172
1.090324
1.090502
1.090613
1.090855
1.090962
1.091390
1.091399
1.087909
1.085633
1.085809
1.087910
1.091139
1.091549
1.091607
1.088017
1.084244
1.088982
1.089384
1.089777
1.090121
1.090465
1.090856
1.093608
1.095606
1.096833
1.097383
1.098197
1.098779
1.099066
1.099779
1.101232
1.101532
1.101936
1.101942
1.086509
1.102541
1.098835
1.097921
1.099738
1.103762
1.107638
1.113004
1.119636
1.120562
1.120815
1.120978
1.121138
1.121494
1.121586
1.121708
1.121824
1.121985
1.122134
1.122372
1.122564
1.122678
1.122794
1.122958
1.123063
1.123242
1.123359
1.123522
1.123598
1.123738
1.123876
1.124043
1.124114
1.124273
1.124380
1.124572
1.124588
1.124700
1.124823
1.125324
1.125368
1.126392
1.130214
1.131566
1.131848
1.131993
1.132156
1.132267
1.132834
1.133331
1.133915
1.132339
1.134620
1.134968
1.135099
1.135211
1.135323
1.135483
1.135649
1.135758
1.135884
1.133941
1.136173
1.134245
1.136794
1.134778
1.137027
1.137166
1.137299
1.137463
1.137625
1.137701
1.137844
1.137975
1.138098
1.138197
1.138333
1.138509
1.138527
1.132708
1.138762
1.139084
1.139189
1.138937
1.139063
1.139181
1.139386
1.139489
1.139616
1.139737
1.135005
1.136699
1.136826
1.136983
1.137178
1.137263
1.137408
1.137061
1.137082
1.136740
1.137293
1.137043
1.137141
1.137286
1.132907
1.132924
1.133310
1.133469
1.133565
1.133727
1.133809
1.133976
1.134005
1.134241
1.132386
1.134371
1.134527
1.135259
1.135557
1.135712
1.135914
1.136008
1.136153
1.136313
1.136420
1.136617
1.136718
1.136880
1.137001
1.137146
1.137281
1.137432
1.137561
1.137740
1.137883
1.138027
1.138138
1.138257
1.138365
1.138528
1.138655
1.138780
1.138953
1.146678
1.146899
1.148016
1.148074
1.148215
1.148316
1.148512
1.148503
1.148677
1.148738
1.148804
1.148820
1.148866
1.148810
1.149003
1.149037
1.149128
1.149242
1.149413
1.149543
1.149607
1.149665
1.149703
1.149762
1.149789
1.149873
1.149921
1.149987
1.150040
1.150113
1.150243
1.150498
1.150619
1.150743
1.150846
1.150853
1.151095
1.151148
1.151214
1.151250
1.151277
1.151342
1.151403
1.151445
1.151511
1.151570
1.151644
1.151364
1.148727
1.151795
1.151915
1.152038
1.152142
1.152262
1.152358
1.152564
1.152629
1.152672
1.152682
1.152777
1.152833
1.152915
1.153097
1.153469
1.153610
1.153680
1.151234
1.153889
1.153985
1.154036
1.154074
1.154137
1.154219
1.154333
1.154425
1.154426
1.154557
1.154633
1.154700
1.154758
1.154798
1.154888
1.155016
1.155148
1.155412
1.155532
1.155606
1.155665
1.155732
1.155763
1.155839
1.155891
1.155338
1.155424
1.155485
1.155517
1.155577
1.155644
1.155761
1.155997
1.156117
1.156187
1.156247
1.156287
1.156352
1.156480
1.156573
1.156673
1.156728
1.156792
1.156843
1.156909
1.156966
1.157038
1.157157
1.157317
1.157716
1.157859
1.157973
1.158048
1.158075
1.158134
1.158196
1.158235
1.158355
1.158504
1.158624
1.158756
1.158873
1.159050
1.159186
1.159298
1.163275
1.164274
1.164501
1.164644
1.164737
1.164922
1.165058
1.165098
1.165158
1.165240
1.165385
1.163893
1.165756
1.163973
1.164062
1.164272
1.164347
1.164472
1.164520
1.164578
1.164636
1.164685
1.164754
1.164872
1.164809
1.165140
1.165220
1.165304
1.165294
1.165390
1.165528
1.165726
1.165855
1.165931
1.166050
1.166088
1.166239
1.169547
1.169834
1.169953
1.170025
1.170094
1.170138
1.170207
1.170331
1.170441
1.170602
1.170591
1.170641
1.170453
1.170383
1.170605
1.170658
1.170631
1.170790
1.170888
1.171040
1.171089
1.171137
1.171205
1.171239
1.171339
1.175238
1.177700
1.177787
1.177893
1.177818
1.177889
1.178024
1.178075
1.178157
1.177850
1.178325
1.178412
1.178663
1.178759
1.178793
1.178889
1.178347
1.179021
1.179089
1.179136
1.179198
1.179253
1.179350
1.179363
1.179385
1.179441
1.179500
1.179595
1.179411
1.179726
1.179797
1.179629
1.179948
1.179996
1.180113
1.180246
1.180211
1.180528
1.178337
1.180583
1.180685
1.181005
1.180917
1.181018
1.181104
1.181212
1.180650
1.181445
1.181177
1.181771
1.180053
1.182187
1.180408
1.182408
1.182137
1.182617
1.182721
1.182803
1.182896
1.182917
1.181339
1.181342
1.181431
1.183438
1.183470
1.183566
1.183656
1.183745
1.183837
1.183919
1.183987
1.183926
1.182730
1.182841
1.182958
1.183067
1.183172
1.183286
1.181351
1.183488
1.181079
