0.051211
0.054801
0.053844
0.115357
0.109521
0.108154
0.119331
0.134844
0.116755
0.144238
0.140652
0.170041
0.198023
0.236861
0.241637
0.244285
0.251581
0.299973
0.276570
0.276801
0.281673
0.281806
0.315232
0.322224
0.353199
0.340957
0.366577
0.392079
0.373211
0.397701
0.397831
0.400476
0.439769
0.418229
0.416613
0.446376
0.481801
0.484498
0.496130
0.487735
0.526722
0.570592
0.574692
0.570971
0.664847
0.690806
0.716906
0.716839
0.692623
0.692736
0.693071
0.702119
0.698174
0.743525
0.724055
0.744661
0.744679
0.786406
0.787170
0.786345
0.787467
0.785605
0.793309
0.791779
0.790910
0.792444
0.792541
0.792644
0.792971
0.793049
0.793286
0.793722
0.793851
0.793927
0.794033
0.794120
0.796374
0.796531
0.791404
0.796726
0.796826
0.796917
0.797012
0.797100
0.797193
0.797259
0.797293
0.797380
0.797473
0.797559
0.797653
0.797738
0.797999
0.798192
0.798688
0.799052
0.799287
0.799435
0.799554
0.799650
0.799731
0.799835
0.799900
0.799955
0.800108
0.800168
0.800239
0.800425
0.800415
0.800442
0.800547
0.800601
0.800654
0.800716
0.800759
0.800842
0.797542
0.797643
0.801005
0.801130
0.797989
0.798108
0.801506
0.798367
0.801538
0.798587
0.798703
0.798836
0.798945
0.799068
0.799188
0.799333
0.802678
0.799591
0.802860
0.799796
0.803096
0.803166
0.803271
0.803346
0.803445
0.803546
0.803602
0.803682
0.803747
0.803796
0.803876
0.803935
0.803973
0.804114
0.805001
0.805225
0.805353
0.805488
0.805616
0.805764
0.805880
0.805987
0.806102
0.806279
0.806407
0.810317
0.810491
0.809584
0.809690
0.809796
0.806050
0.809931
0.809957
0.808202
0.808417
0.808467
0.808560
0.808650
0.808757
0.808856
0.808872
0.809007
0.809158
0.809304
0.809450
0.809589
0.809728
0.809860
0.810284
0.810449
0.810611
0.810750
0.810871
0.810954
0.811143
0.811235
0.756848
0.811395
0.811501
0.811604
0.811691
0.811799
0.811839
0.811936
0.812036
0.812107
0.812203
0.812354
0.814338
0.814422
0.805048
0.814639
0.814674
0.814745
0.814903
0.814894
0.815024
0.815175
0.815216
0.815311
0.815794
0.815824
0.815899
0.816074
0.816199
0.816342
0.816472
0.816630
0.816775
0.816903
0.817187
0.817342
0.817494
0.817656
0.817773
0.817916
0.817935
0.818008
0.818052
0.818144
0.818249
0.818323
0.818360
0.818505
0.818569
0.818583
0.818570
0.818826
0.818933
0.818976
0.819002
0.819120
0.821691
0.821930
0.822077
0.822119
0.822214
0.822323
0.822430
0.822433
0.822486
0.822548
0.822594
0.822678
0.822831
0.825293
0.825457
0.825543
0.825687
0.825767
0.819604
0.819685
0.825295
0.816508
0.825378
0.825525
0.825597
0.887822
0.890838
0.891131
0.891256
0.842985
0.891560
0.891672
0.891798
0.891911
0.892049
0.892203
0.892334
0.892416
0.892480
0.892562
0.894763
0.895077
0.899863
0.900016
0.900125
0.900232
0.900337
0.900444
0.900551
0.900635
0.900758
0.875732
0.896955
0.897034
0.897132
0.897241
0.897348
0.897453
0.897815
0.897920
0.894809
0.898152
0.897877
0.898465
0.898194
0.898711
0.898804
0.898901
0.898987
0.898653
0.899197
0.898835
0.899402
0.899444
0.899173
0.854227
0.903859
0.899956
0.899698
0.899826
0.899885
0.899974
0.900589
0.900660
0.904867
0.900873
0.900945
0.905216
0.905311
0.905412
0.905534
0.905877
0.906005
0.906081
0.906227
0.906312
0.906409
0.906495
0.906601
0.906697
0.906802
0.906899
0.907088
0.907197
0.907327
0.907390
0.907535
0.907719
0.907766
0.907855
0.907941
0.908042
0.908124
0.908226
0.908310
0.908415
0.908482
0.884773
0.910378
0.910487
0.910933
0.928075
0.928261
0.928436
0.928544
0.928662
0.928788
0.928903
0.929012
0.929110
0.929254
0.929366
0.929486
0.929563
0.929701
0.930178
0.930329
0.930487
0.930599
0.930788
0.930933
0.931038
0.936072
0.937709
0.938341
0.938553
0.939729
0.939917
0.940601
0.941039
0.945151
0.945743
0.945915
0.946090
0.946256
0.946399
0.946535
0.953122
0.953353
0.953544
0.953756
0.954089
0.954364
0.957390
0.957754
0.957950
0.958153
0.951435
0.958475
0.958943
0.961381
0.961656
0.961824
0.961957
0.962135
0.962331
0.962428
0.962952
0.965437
0.966510
0.969344
0.970156
0.970266
0.971383
0.973701
0.974443
0.976180
0.976673
0.976737
0.976797
0.975357
0.976907
0.977013
0.977057
0.977133
0.977178
0.977275
0.977313
0.976997
0.977009
0.977107
0.977170
0.977227
0.976471
0.976523
0.976761
0.976959
0.979104
0.977890
0.978302
0.967671
0.966829
0.966835
0.966840
0.966845
0.966857
0.966862
0.966874
0.966880
0.954169
0.982836
0.982834
0.961534
0.961657
0.961629
0.961614
0.961611
0.974672
0.975557
0.979656
0.975521
0.975513
0.975474
0.975458
0.975452
0.975435
0.975426
0.975413
0.992322
0.971672
1.006175
0.992400
0.946499
0.992408
0.988871
0.989738
0.988834
0.988797
0.988825
0.988805
0.988811
1.006315
0.992544
0.988799
0.988805
0.988815
0.992569
0.988799
0.992585
0.988807
0.988819
0.988831
0.988802
0.988834
0.988771
0.992658
0.980448
0.981603
0.981579
0.981559
0.981544
0.981532
0.981525
1.006635
0.992851
0.981507
0.992857
0.981206
0.981198
0.981178
0.992893
0.981125
0.981120
0.981107
1.006766
0.981091
0.992327
0.992337
1.006801
0.992334
0.971967
0.993046
0.988957
0.988918
1.006309
0.988793
0.988802
0.988825
0.975551
0.980957
1.007133
0.981510
0.981489
0.981142
1.006497
0.995451
0.947196
0.981174
0.988822
1.007150
1.006763
0.981077
1.021051
1.021861
1.024144
1.025798
1.033510
1.036703
1.037198
1.040061
1.040341
1.040561
1.040841
1.041045
1.041267
1.041509
1.047854
1.048228
1.048458
1.048754
1.048987
1.049375
1.049626
1.056422
1.056638
1.056778
1.074108
1.079376
1.086775
1.087870
1.088036
1.088210
1.090646
1.090762
1.090861
1.090982
1.091076
1.091192
1.091299
1.091401
1.124268
1.122513
1.124489
1.124635
1.128528
1.141231
1.141377
1.141539
1.141684
1.147791
1.148672
1.148767
1.148828
1.148913
1.148994
1.149020
1.148228
1.149259
1.149460
1.149616
1.149747
1.149884
1.150003
1.150128
1.150251
1.150373
1.150495
1.150499
1.150578
1.148748
1.150222
1.150295
1.150388
1.150420
1.150235
1.150269
1.150321
1.150356
1.150804
1.150854
1.150594
1.150643
1.151113
1.151170
1.150885
1.150922
1.151335
1.151359
1.151149
1.151412
1.151918
1.152018
1.151796
1.151919
1.152374
1.152181
1.152293
1.152398
1.152528
1.152445
1.152722
1.153253
1.153306
1.153358
1.152889
1.152960
1.153031
1.153093
1.153162
1.153215
1.153291
1.153378
1.153457
1.153560
1.153650
1.153775
1.153856
1.154245
1.154134
1.154287
1.154388
1.154458
1.154816
1.154726
1.154877
1.155139
1.165510
1.165682
1.165754
1.165687
1.165832
1.168346
1.169167
1.169311
1.169383
1.169450
1.169001
1.169686
1.169672
1.169749
1.169809
1.169889
1.176735
1.170675
1.170773
1.170760
1.163110
1.163205
1.163311
1.164851
1.193121
1.193290
1.193449
1.194287
1.195140
1.195568
1.195718
1.196044
1.182743
1.180213
1.155678
1.157602
1.178695
1.175617
1.175714
1.175554
1.176837
1.176880
1.177676
1.177606
1.183847
1.184128
1.184334
1.184539
1.184405
1.184790
1.184941
1.184348
1.162634
1.186157
1.162357
1.186109
1.162509
1.186315
1.184872
1.162876
1.186662
1.188568
1.185298
1.178569
1.185579
1.186711
1.180280
1.187287
1.190407
1.187281
1.189083
1.187562
1.189241
1.188125
1.188161
1.171418
1.167378
1.188487
1.188669
1.171181
1.193738
1.193568
1.193658
1.185130
1.195676
1.174750
1.197578
1.197501
1.197628
1.199753
1.199803
1.199873
1.199884
1.199539
1.178865
1.185939
1.199206
1.199055
1.199100
1.199455
1.199248
1.199587
1.199404
1.193219
1.192179
1.199645
1.193435
1.199791
1.193578
1.193668
1.199950
1.193832
1.200220
1.194629
1.200419
1.193690
1.200715
1.200834
1.193883
1.201090
1.195305
1.201339
1.195809
1.194790
1.202312
1.196107
1.202128
1.196271
1.202695
1.196406
1.202850
1.195648
1.203135
1.197392
1.206203
1.200498
1.210736
1.203758
1.204935
1.211389
1.205241
1.211692
1.211802
1.204872
1.214575
1.214826
1.207680
1.202229
1.214896
1.207933
1.214497
1.208075
1.208111
1.215227
1.208261
1.195326
1.214964
1.208495
1.208577
1.208611
1.211074
1.208767
1.210953
1.209049
1.211159
1.209355
1.211436
1.209676
1.239589
1.209969
1.198022
1.211647
1.240219
1.211930
1.227151
1.212060
1.240736
1.212216
1.227460
1.212373
1.213357
1.211285
1.213479
1.212738
1.212741
1.213744
1.217650
1.252067
1.266178
1.267499
1.266684
1.267725
1.266865
1.267941
1.267978
1.267133
1.268115
1.266450
1.266513
1.268404
1.266672
1.268545
1.266813
1.266890
1.266992
1.267780
1.269277
1.273189
1.275139
1.273438
1.275235
1.273267
1.275393
1.273381
1.273446
1.275598
1.273593
1.274057
1.273719
1.274208
1.274235
1.273958
1.274368
1.274076
1.274539
1.274206
1.274711
1.275103
1.275196
1.275675
1.275505
1.276070
1.275392
1.276339
1.276449
1.275787
1.276687
1.276038
1.278846
1.276575
1.277537
1.276906
1.276977
1.279726
1.277156
1.277284
1.276155
1.276266
1.277726
1.276908
1.278008
1.280942
1.278295
1.281235
1.278701
1.282496
1.279938
1.282921
1.280267
1.283214
1.280565
1.280718
1.273302
1.280992
1.281015
1.284237
1.281383
1.284601
1.281722
1.284824
1.281906
1.281973
1.282401
1.282215
1.285315
1.285399
1.283168
1.285945
1.283144
1.286136
1.283571
1.286282
1.283555
1.286390
1.283739
1.283885
1.286860
1.284043
1.287876
1.286810
1.284409
1.287019
1.284750
1.284912
1.284921
1.284991
1.285173
1.285404
1.285348
1.285558
1.285550
1.285712
1.285758
1.285868
1.285900
1.289126
1.289465
1.290463
1.303999
1.311254
1.311416
1.311536
1.311700
1.311849
1.311850
1.312130
1.311406
1.312690
1.312802
1.312104
1.313048
1.313175
1.313316
1.313482
1.313600
1.314424
1.314588
1.314703
1.314163
1.319007
1.321031
1.321761
1.318556
1.321409
1.322176
1.321651
1.322402
1.322196
1.322684
1.322781
1.322326
1.323037
1.322887
1.323256
1.322792
1.323500
1.323389
1.321473
1.323881
1.323783
1.324133
1.323723
1.324428
1.324539
1.324242
1.324851
1.329732
1.335751
1.335477
1.335833
1.336513
1.336484
1.336538
1.336902
1.336655
1.336677
1.336722
1.337038
1.337643
1.330423
1.337252
1.337889
1.337929
1.337915
1.337493
1.337534
1.337849
1.338132
1.337680
1.338225
1.340086
1.337725
1.333812
1.341318
1.343387
1.343296
1.336368
1.344056
1.341919
1.344492
1.344503
1.344691
1.344882
1.345586
1.345635
1.345667
1.345894
1.346020
1.345925
1.346241
1.346057
1.346321
1.346375
1.346288
1.346554
1.346826
1.346745
1.346794
1.346790
1.346944
1.346946
1.347059
1.347107
1.347106
1.347239
1.347209
1.347320
1.347358
1.347436
1.347467
1.347569
1.347616
1.347671
1.347709
1.346715
1.347838
1.347981
1.347955
1.348098
1.348132
1.348146
1.348261
1.348237
1.348326
1.348482
1.348791
1.349025
1.349081
1.349331
1.354196
1.353151
1.354604
1.354761
1.354929
1.355167
1.355328
1.356879
1.357034
1.360328
1.360396
1.360623
1.363131
1.363505
1.363668
1.363890
1.363940
1.364143
1.364480
1.364885
1.366962
1.367234
1.367843
1.365551
1.368593
1.372702
1.373909
1.374267
1.376407
1.376433
1.376665
1.376675
1.376691
1.376692
1.376708
1.376710
1.376724
1.376732
1.376714
1.376729
1.376702
1.376730
1.376739
1.376754
1.376760
1.376774
1.376775
1.374188
1.379089
1.379095
1.379111
1.379136
1.379134
1.379148
1.379153
1.379944
1.379947
1.379973
1.379985
1.379972
1.379977
1.379991
1.379995
1.380009
1.380012
1.380022
1.380029
1.380042
1.380045
1.380059
1.379778
1.376732
1.376733
1.376732
1.380799
1.380877
1.380778
1.380783
1.380790
1.380822
1.380827
1.381036
1.381043
1.381024
1.381038
1.381041
1.381047
1.381031
1.381034
1.381031
1.381031
1.379775
1.379790
1.383606
1.381232
1.381237
1.381201
1.381211
1.382168
1.383070
1.385740
1.385756
1.385764
1.385778
1.385781
1.385791
1.383473
1.384071
1.384089
1.384066
1.384077
1.384083
1.384101
1.384106
1.384120
1.384122
1.384137
1.384137
1.384147
1.384996
1.389286
1.389297
1.388367
1.388388
1.390563
1.390554
1.390492
1.390500
1.390765
1.390776
1.390764
1.390703
1.390681
1.390665
1.390646
1.390618
1.390609
1.390584
1.389476
1.392342
1.392352
1.392367
1.392382
1.392383
1.392401
1.392349
1.392364
1.392382
1.392369
1.392379
1.391539
1.391344
1.391421
1.391943
1.392033
1.393734
1.393470
1.393422
1.394014
1.393836
1.394807
1.394431
1.394633
1.394578
1.394604
1.394663
1.394651
1.398809
1.398870
1.398903
1.398960
1.396473
1.399070
1.398733
1.397720
1.399882
1.396826
1.398994
1.399073
1.395822
1.398115
1.395596
1.395481
1.395759
1.398393
1.399523
1.398642
1.397124
1.401001
1.397624
1.397911
1.397730
1.400268
1.397701
1.401498
1.397659
1.399520
1.399572
1.401748
1.401807
1.402997
1.398459
1.398616
1.401340
1.402415
1.398822
1.399084
1.399124
1.402749
1.398950
1.399396
1.399276
1.403017
1.399592
1.403136
1.401316
1.402565
1.411996
1.441882
1.461166
1.468267
1.504329
1.504489
1.517597
