1.134784
1.099831
1.134362
1.102265
1.128340
1.136160
1.135390
1.135737
1.136530
1.136683
1.136849
1.137052
1.137204
1.137280
1.137458
1.137618
1.138082
1.137800
1.137844
1.137999
1.138111
1.138251
1.138375
1.138503
1.138909
1.138936
1.139054
1.139219
1.139359
1.139481
1.139589
1.139717
1.139838
1.139939
1.140119
1.139102
1.140556
1.140693
1.141014
1.141307
1.141320
1.141554
1.141453
1.135198
1.141635
1.141845
1.141989
1.142100
1.142235
1.142352
1.142564
1.142710
1.142837
1.142980
1.143070
1.143257
1.143407
1.143619
1.143747
1.143880
1.143872
1.144140
1.144256
1.144390
1.144481
1.144665
1.143853
1.144964
1.145108
1.145235
1.145312
1.145804
1.146577
1.147497
1.148085
1.148858
1.149325
1.149345
1.149548
1.149671
1.149796
1.149912
1.150038
1.150157
1.150282
1.150397
1.150549
1.150652
1.150820
1.150914
1.151092
1.151219
1.151362
1.151733
1.151754
1.151889
1.152140
1.152155
1.152359
1.152603
1.152550
1.152835
1.152972
1.153277
1.152588
1.153577
1.153597
1.153781
1.149306
1.150684
1.150903
1.151010
1.151203
1.151216
1.151400
1.151543
1.151718
1.125859
1.126066
1.126087
1.126293
1.126542
1.126568
1.126678
1.126818
1.126949
1.152463
1.127318
1.127453
1.127701
1.155459
1.129255
1.129485
1.156623
1.158501
1.159277
1.160133
1.161875
1.163104
1.164757
1.165124
1.165389
1.166082
1.166104
1.166432
1.166792
1.167118
1.167047
1.162211
1.167510
1.167893
1.163145
1.168321
1.168393
1.168692
1.169018
1.169511
1.169943
1.170225
1.170562
1.170699
1.170849
1.171208
1.171363
1.171010
1.167766
1.158758
1.167948
1.168092
1.168378
1.172245
1.172969
1.173725
1.175222
1.173120
1.175823
1.175877
1.176028
1.176137
1.176260
1.176409
1.176519
1.176703
1.176824
1.176973
1.177217
1.177328
1.177489
1.177603
1.177766
1.165353
1.178100
1.178212
1.178298
1.178434
1.178525
1.178633
1.178788
1.178901
1.177205
1.179174
1.179313
1.179421
1.179590
1.179706
1.179811
1.179967
1.180060
1.180236
1.180297
1.180445
1.180549
1.180714
1.180841
1.180970
1.181265
1.181416
1.181467
1.181592
1.181702
1.181867
1.181976
1.182137
1.182235
1.182392
1.182454
1.182632
1.182780
1.182909
1.183158
1.183316
1.183793
1.184353
1.185058
1.185462
1.185847
1.186236
1.185991
1.186313
1.186622
1.184146
1.120122
1.182353
1.138047
1.120555
1.187799
1.184298
1.188264
1.139261
1.188609
1.188734
1.188909
1.189116
1.189222
1.189331
1.189424
1.189675
1.189932
1.189947
1.190683
1.191004
1.194576
1.194651
1.194652
1.195196
1.195464
1.195486
1.195473
1.192620
1.192725
1.192515
1.196101
1.195293
1.196404
1.196511
1.196657
1.197094
1.197476
1.197585
1.197766
1.197912
1.198049
1.198208
1.198930
1.198994
1.199106
1.199640
1.199670
1.199916
1.200150
1.135788
1.200200
1.200313
1.200493
1.200592
1.200765
1.200859
1.201040
1.201155
1.201338
1.201462
1.201566
1.201753
1.201904
1.201993
1.202157
1.202306
1.202395
1.202470
1.202972
1.203003
1.203124
1.203224
1.203344
1.201257
1.207809
1.201487
1.201657
1.201754
1.201942
1.202034
1.202227
1.202370
1.202495
1.202668
1.202795
1.202898
1.203031
1.203137
1.203566
1.204013
1.204134
1.204424
1.204907
1.206818
1.145286
1.214176
1.207104
1.207548
1.207641
1.207808
1.207905
1.208084
1.208186
1.208342
1.208530
1.208838
1.209187
1.209248
1.209390
1.209953
1.210327
1.210725
1.211119
1.211720
1.212459
1.213033
1.213227
1.213324
1.213446
1.213595
1.213680
1.213797
1.213904
1.214158
1.214273
1.214361
1.214697
1.214603
1.215144
1.215253
1.215377
1.215514
1.215644
1.215816
1.215944
1.216080
1.216179
1.216079
1.216460
1.216613
1.216745
1.216946
1.217186
1.217352
1.217551
1.217800
1.217897
1.217990
1.218202
1.218503
1.218545
1.218720
1.218765
1.219092
1.227633
1.213489
1.219456
1.219579
1.219770
1.220019
1.220029
1.220173
1.220339
1.220616
1.220716
1.220871
1.220996
1.229901
1.221266
1.221436
1.221550
1.221646
1.230772
1.221917
1.230935
1.231056
1.231188
1.219142
1.231496
1.231623
1.231803
1.231916
1.232076
1.232287
1.232560
1.232731
1.232868
1.233055
1.233172
1.233342
1.233458
1.224417
1.233815
1.233929
1.234109
1.234195
1.234393
1.234515
1.234719
1.234854
1.234989
1.217386
1.226268
1.226720
1.227069
1.227371
1.227503
1.227624
1.227770
1.227837
1.228027
1.228141
1.228280
1.227513
1.228616
1.228706
1.228896
1.229294
1.229333
1.229431
1.229451
1.229557
1.229699
1.229807
1.230006
1.230163
1.230324
1.230503
1.230673
1.231131
1.231482
1.231596
1.231071
1.226432
1.231397
1.231896
1.230393
1.230458
1.230522
1.230620
1.230303
1.230386
1.230503
1.230589
1.230642
1.230683
1.230746
1.230806
1.230844
1.229627
1.230987
1.231033
1.231097
1.231217
1.231388
1.232865
1.237299
1.237404
1.237488
1.237572
1.237672
1.237810
1.236715
1.238091
1.238147
1.236904
1.223363
1.224361
1.224407
1.225658
1.226358
1.226760
1.227495
1.228013
1.223648
1.223748
1.228416
1.228492
1.228667
1.228740
1.228825
1.228949
1.228678
1.228731
1.228504
1.228939
1.229137
1.229271
1.229306
1.229372
1.229397
1.229489
1.229616
1.229863
1.230352
1.230493
1.230533
1.230613
1.230635
1.230740
1.230881
1.230827
1.230826
1.231686
1.230870
1.230913
1.231000
1.231036
1.231060
1.231089
1.231187
1.231219
1.231321
1.231349
1.231447
1.231566
1.231829
1.232025
1.232205
1.232371
1.232536
1.232577
1.232666
1.232671
1.232776
1.232630
1.232917
1.232995
1.233027
1.232566
1.233189
1.233273
1.233414
1.233576
1.233693
1.233768
1.233414
1.233516
1.233738
1.233906
1.233951
1.234034
1.234069
1.234115
1.234194
1.234264
1.234287
1.234379
1.234674
1.234856
1.234995
1.235173
1.235295
1.235345
1.235424
1.235462
1.235556
1.235703
1.235763
1.235913
1.236152
1.236324
1.236170
1.215199
1.229935
1.236334
1.236591
1.236643
1.236528
1.236727
1.236870
1.236908
1.236925
1.237013
1.237052
1.237136
1.237159
1.237368
1.237508
1.237615
1.237745
1.237927
1.238481
1.238323
1.238504
1.238675
1.238858
1.239028
1.239210
1.239352
1.239376
1.239452
1.239468
1.239100
1.239638
1.239717
1.239406
1.239528
1.239734
1.239876
1.239918
1.240562
1.246190
1.246212
1.239914
1.246665
1.246803
1.246885
1.246945
1.246967
1.245746
1.245883
1.245784
1.246120
1.246149
1.246261
1.246470
1.246768
1.246915
1.245923
1.247033
1.247126
1.246931
1.247031
1.247154
1.246595
1.246791
1.246974
1.247106
1.247285
1.247456
1.247631
1.247799
1.247981
1.248151
1.247547
1.248475
1.248484
1.247866
1.247901
1.248012
1.248005
1.248108
1.248238
1.248366
1.248412
1.248124
1.248596
1.248630
1.248714
1.248788
1.248811
1.227706
1.214188
1.248446
1.248726
1.248619
1.248696
1.248754
1.248785
1.248870
1.248949
1.248647
1.249077
1.249126
1.249363
1.249261
1.249247
1.249152
1.215709
1.249323
1.216171
1.249027
1.250047
1.216564
1.216644
1.216682
1.216767
1.216797
1.216904
1.216972
1.216984
1.217054
1.217128
1.217165
1.217255
1.217390
1.217606
1.217778
1.218037
1.218175
1.218332
1.218483
1.218635
1.218755
1.247893
1.219084
1.232846
1.220150
1.248569
1.231240
1.234758
1.187202
1.235235
1.234494
1.261061
1.255507
1.255581
1.255876
1.256087
1.256120
1.256248
1.256440
1.256594
1.256709
1.260020
1.260139
1.260128
1.260132
1.260238
1.260333
1.260403
1.260475
1.260647
1.260994
1.261044
1.261090
1.261147
1.261201
1.261269
1.261163
1.261513
1.261620
1.261684
1.261732
1.261879
1.262131
1.262264
1.262304
1.262354
1.262423
1.262490
1.262553
1.262606
1.262680
1.262620
1.262840
1.248927
1.263160
1.263175
1.263187
1.262873
1.262937
1.263075
1.263207
1.263337
1.263378
1.263434
1.263492
1.263580
1.263615
1.263679
1.263824
1.263939
1.264053
1.264114
1.264187
1.264230
1.264251
1.264467
1.264558
1.264690
1.264719
1.264709
1.264861
1.264930
1.264976
1.265043
1.265082
1.265151
1.265160
1.265282
1.265495
1.265593
1.265666
1.265795
1.265905
1.265968
1.266001
1.266045
1.266119
1.266176
1.266214
1.252070
1.266372
1.235307
1.264245
1.263853
1.254894
1.266341
1.254995
1.266715
1.266853
1.266933
1.267062
1.267133
1.253613
1.266831
1.266889
1.256244
1.256358
1.256444
1.256489
1.256553
1.256422
1.256680
1.256756
1.256900
1.257179
1.269028
1.268041
1.257184
1.257235
1.257250
1.257301
1.257303
1.257581
1.257497
1.257513
1.257807
1.257660
1.257887
1.257722
1.258012
1.257822
1.258113
1.258096
1.258437
1.258879
1.258875
1.259216
1.259145
1.259433
1.259327
1.259595
1.259577
1.259924
1.259904
1.259877
1.260198
1.260039
1.260411
1.260243
1.260294
1.260600
1.260447
1.260688
1.260570
1.260641
1.260674
1.260713
1.255252
1.257376
1.260928
1.260995
1.261053
1.261070
1.260576
1.261491
1.261981
1.261709
1.262092
1.261835
1.261946
1.262125
1.262127
1.262237
1.262230
1.262316
1.262333
1.262370
1.276371
1.262596
1.262614
1.262735
1.262694
1.262842
1.262828
1.276916
1.257312
1.263102
1.263442
1.263319
1.278036
1.265446
1.265640
1.265767
1.265905
1.266352
1.266374
1.266404
1.266029
1.266066
1.266180
1.266343
1.266656
1.266895
1.267021
1.267100
1.267223
1.267294
1.267350
1.282514
1.267498
1.282753
1.267791
1.283034
1.283160
1.268223
1.283445
1.268495
1.284254
1.269359
1.284516
1.269507
1.284672
1.269781
1.270078
1.285256
1.270241
1.285376
1.270360
1.271853
1.285578
1.270573
1.285729
1.270708
1.272185
1.270854
1.286016
1.270988
1.286180
1.271346
1.274976
1.286685
1.271728
1.286811
1.271866
1.284684
1.271988
1.273523
1.272119
1.275722
1.272394
1.276098
1.272714
1.276346
1.268789
1.276462
1.273061
1.276597
1.273230
1.276777
1.273374
1.277004
1.273697
1.288464
1.288532
1.273910
1.286996
1.274176
1.288997
1.274334
1.289144
1.274678
1.274832
1.289783
1.275193
1.289989
1.275331
1.290143
1.275432
1.290278
1.275575
1.290436
1.290472
1.290537
1.290571
1.272282
1.276250
1.291098
1.276784
1.291502
1.277032
1.292011
1.277617
1.292407
1.292531
1.278007
1.292676
1.278058
1.292834
1.278223
1.292984
1.278378
1.293139
1.278780
1.293621
1.263884
1.293949
1.279372
1.294113
1.294259
1.294330
1.294373
1.294460
1.294493
1.280093
1.280277
1.294641
1.296333
1.282644
1.297549
1.283067
1.297687
1.283215
1.297853
1.283411
1.298090
1.283312
1.283756
1.283805
1.298480
1.268898
1.268906
1.298685
1.298705
1.298933
1.269495
1.299110
1.269647
1.299363
1.270059
1.299771
1.270279
1.299929
1.270511
1.270583
1.288544
1.269217
1.300473
1.269373
1.300704
1.286169
1.300850
1.286298
1.300980
1.286443
1.301105
1.286578
1.301234
1.301291
1.286789
1.286916
1.301737
1.287270
1.301890
1.284397
1.301984
1.287751
1.285611
1.288018
1.302593
1.288145
1.302626
1.302693
1.302870
1.288449
1.302870
1.314075
1.289076
1.303563
1.289283
1.303681
1.289393
1.303765
1.289535
1.303920
1.289776
1.304207
1.304549
1.304406
1.290220
1.304762
1.295458
1.295533
1.304933
1.290676
1.295857
1.290955
1.305378
1.291103
1.291160
1.291197
1.296401
1.291329
1.290483
1.296599
1.291551
1.290512
1.291667
1.291734
1.291789
1.291843
1.291925
1.290534
1.290645
1.292512
1.292569
1.292631
1.278908
1.292781
1.291145
1.291210
1.291274
1.293175
1.293317
1.293361
1.291716
1.280172
1.291926
1.292259
1.278147
1.292303
1.278288
1.247578
1.293455
1.280536
1.280446
1.292246
1.247952
1.292367
1.293865
1.292463
1.293919
1.292583
1.293992
1.292834
1.294386
1.295103
1.294577
1.293417
1.294691
1.295382
1.281959
1.295498
1.293787
1.293855
1.293839
1.295812
1.294001
1.295924
1.295961
1.295925
1.295960
1.294444
1.296063
1.294847
1.294911
1.296371
1.295128
1.295193
1.295237
1.296992
1.296813
1.297193
1.295947
1.297711
1.296240
1.297974
1.285599
1.298118
1.297752
1.284127
1.297858
1.298637
1.298794
1.300205
1.299896
1.303786
1.302122
1.303330
1.304083
1.303565
1.304127
1.303554
1.291808
1.311255
1.304436
1.277907
1.304982
1.261164
1.261387
1.305291
1.303533
1.303452
1.294982
1.261852
1.281014
1.295462
1.281061
1.293900
