0.940990
0.935523
1.131472
1.114517
1.117538
1.117721
1.116853
1.112677
1.135214
1.109073
1.104067
1.104396
1.109613
1.109704
1.419746
1.420272
1.420596
1.420901
1.421237
1.421366
1.421501
1.421632
1.421794
1.421915
1.422061
1.422073
1.422364
1.422509
1.422630
1.422751
1.422875
1.423120
1.423676
1.424759
1.429109
1.429271
1.428742
1.429496
1.430540
1.424763
1.424877
1.426755
1.426800
1.429510
1.430476
1.432322
1.432587
1.432884
1.433429
1.433782
1.433733
1.434283
1.434737
1.435233
1.437034
1.437218
1.436570
1.436683
1.436710
1.436833
1.436991
1.437138
1.436596
1.437287
1.440634
1.441416
1.442447
1.443280
1.441706
1.443610
1.443839
1.443706
1.443985
1.444015
1.444196
1.444343
1.444565
1.444834
1.443549
1.443520
1.444381
1.444389
1.444587
1.444599
1.444841
1.445041
1.445006
1.445339
1.445423
1.445580
1.445732
1.445881
1.446114
1.446244
1.442681
1.441411
1.443026
1.443626
1.443425
1.443437
1.443676
1.443799
1.443916
1.444258
1.444392
1.444451
1.444562
1.444698
1.439321
1.445070
1.445192
1.445310
1.445449
1.445904
1.446198
1.436168
1.446804
1.446909
1.447100
1.447121
1.447259
1.447366
1.447477
1.447558
1.447653
1.447773
1.447907
1.448024
1.448177
1.448271
1.448416
1.448721
1.448823
1.449069
1.449185
1.449302
1.449430
1.449539
1.449617
1.449726
1.449833
1.449953
1.450277
1.450619
1.450980
1.451095
1.451221
1.451352
1.451483
1.451586
1.451578
1.451715
1.451819
1.451898
1.452002
1.452156
1.452247
1.449145
1.449257
1.449414
1.449550
1.449948
1.449981
1.450317
1.450107
1.450485
1.450788
1.450819
1.450828
1.451232
1.451249
1.451472
1.452007
1.452172
1.452279
1.452399
1.452560
1.452020
1.452978
1.453302
1.453326
1.453422
1.453609
1.453836
1.453856
1.454047
1.454204
1.454338
1.454438
1.454620
1.454648
1.454921
1.455070
1.455203
1.455338
1.455602
1.455624
1.455728
1.455871
1.456032
1.456524
1.456805
1.457081
1.457334
1.457477
1.458416
1.441691
1.459361
1.460879
1.461047
1.461094
1.461156
1.461899
1.461929
1.465481
1.467137
1.470346
1.470593
1.470859
1.470981
1.450485
1.447470
1.471636
1.472125
1.472173
1.472190
1.472275
1.472421
1.472563
1.472648
1.472893
1.473272
1.473455
1.473669
1.473764
1.473943
1.474070
1.474193
1.474331
1.474447
1.474600
1.474738
1.474855
1.475198
1.475238
1.475339
1.475452
1.475607
1.475714
1.475311
1.475400
1.475789
1.475855
1.454087
1.476258
1.476429
1.476404
1.476651
1.475624
1.477138
1.477485
1.477978
1.478475
1.478638
1.478767
1.479010
1.479267
1.479409
1.479532
1.479617
1.479813
1.479982
1.480138
1.480189
1.480419
1.480456
1.480576
1.480735
1.480870
1.480983
1.481140
1.481237
1.481541
1.481573
1.481790
1.482011
1.482271
1.482290
1.482781
1.482797
1.482798
1.483007
1.483133
1.483289
1.483417
1.483535
1.483684
1.483630
1.483987
1.484100
1.484270
1.484386
1.484548
1.484651
1.484784
1.484873
1.485025
1.485559
1.485796
1.485994
1.486121
1.486239
1.486378
1.486921
1.487423
1.490149
1.490224
1.490335
1.490513
1.490629
1.490724
1.490965
1.491054
1.491159
1.491442
1.491804
1.490719
1.492672
1.493368
1.494841
1.495051
1.495235
1.495435
1.495568
1.495667
1.495781
1.495888
1.496034
1.496197
1.496323
1.496447
1.496550
1.496685
1.496838
1.497022
1.497126
1.497304
1.497432
1.497529
1.497695
1.497806
1.497976
1.498075
1.498232
1.498341
1.498469
1.498656
1.498764
1.498941
1.499053
1.499240
1.499401
1.499539
1.499653
1.499756
1.499928
1.500042
1.500195
1.500294
1.500465
1.500793
1.500968
1.501076
1.501201
1.501318
1.501441
1.501545
1.501707
1.501819
1.501970
1.502067
1.502249
1.502360
1.502523
1.502618
1.502778
1.502869
1.502972
1.503159
1.503358
1.503462
1.503797
1.503887
1.504215
1.504337
1.504457
1.504596
1.504929
1.505339
1.505475
1.505649
1.505979
1.506125
1.506261
1.506390
1.506530
1.506662
1.506761
1.506854
1.506991
1.507153
1.507250
1.507396
1.507591
1.507639
1.507895
1.507989
1.508144
1.508255
1.508424
1.508535
1.508705
1.508811
1.508972
1.509079
1.509320
1.509449
1.509547
1.509660
1.509754
1.509891
1.508367
1.510126
1.510232
1.510399
1.510503
1.510671
1.510773
1.510926
1.511083
1.511173
1.511538
1.511615
1.512024
1.512100
1.512253
1.512440
1.510783
1.512703
1.513192
1.513325
1.513469
1.513586
1.513801
1.513936
1.514064
1.514167
1.514283
1.514427
1.514523
1.514647
1.514718
1.514820
1.514966
1.515166
1.515303
1.515404
1.515512
1.515761
1.515897
1.516020
1.516137
1.516252
1.516388
1.516507
1.516639
1.516759
1.516874
1.517023
1.517125
1.517276
1.517399
1.517549
1.517660
1.518146
1.518184
1.518373
1.518607
1.518703
1.518804
1.518944
1.519097
1.518788
1.519578
1.519903
1.520030
1.520133
1.520288
1.520398
1.520520
1.520674
1.520797
1.520960
1.521077
1.521199
1.521323
1.521478
1.521585
1.521466
1.521974
1.522133
1.521948
1.522106
1.519222
1.522414
1.522819
1.522823
1.520437
1.523057
1.523227
1.523314
1.523491
1.523601
1.523736
1.523919
1.523092
1.523206
1.523308
1.523500
1.522996
1.523084
1.523189
1.523340
1.523493
1.523564
1.523737
1.524161
1.522567
1.522816
1.523923
1.524106
1.524253
1.524413
1.524531
1.524664
1.524784
1.525095
1.525246
1.525541
1.525664
1.525824
1.525934
1.526052
1.526587
1.526888
1.527173
1.527448
1.527740
1.528635
1.528932
1.529181
1.529816
1.530244
1.530598
1.531018
1.531201
1.531308
1.532296
1.538115
1.538330
1.538448
1.539974
1.540750
1.540903
1.546226
1.546387
1.546522
1.546626
1.546754
1.546857
1.547611
1.553596
1.553779
1.553862
1.553887
1.553971
1.554059
1.554174
1.554236
1.554305
1.554369
1.554467
1.554580
1.554677
1.554744
1.554803
1.554207
1.554915
1.555377
1.555451
1.555461
1.555557
1.555591
1.555657
1.555689
1.555773
1.555850
1.555892
1.555964
1.555979
1.556054
1.556089
1.556276
1.556500
1.556618
1.556386
1.556713
1.556785
1.556830
1.556885
1.556930
1.557012
1.557076
1.557114
1.557178
1.557201
1.557254
1.557381
1.557646
1.557703
1.557775
1.557861
1.557914
1.557989
1.558017
1.558106
1.558091
1.558215
1.558232
1.558335
1.558372
1.558443
1.558632
1.558895
1.558928
1.558998
1.559020
1.559095
1.559135
1.559205
1.559201
1.559332
1.559401
1.559433
1.559445
1.559507
1.559550
1.559619
1.560059
1.560215
1.560257
1.560199
1.560412
1.560360
1.560398
1.560481
1.560521
1.560579
1.560628
1.560693
1.560748
1.560812
1.560861
1.561369
1.561412
1.561493
1.561570
1.561623
1.561731
1.561839
1.561872
1.561942
1.561990
1.562076
1.562126
1.562202
1.562217
1.563729
1.565694
1.565786
1.565991
1.566163
1.566318
1.566461
1.566645
1.566805
1.567033
1.567234
1.567402
1.567577
1.567583
1.567792
1.568064
1.568296
1.568699
1.568767
1.568756
1.568870
1.568902
1.568222
1.569068
1.569123
1.569210
1.569282
1.569342
1.569417
1.569455
1.569536
1.569694
1.569964
1.569991
1.570132
1.569900
1.567700
1.570346
1.570063
1.570506
1.570344
1.570563
1.570524
1.571006
1.571031
1.571111
1.570574
1.571320
1.570835
1.571431
1.571541
1.571826
1.571913
1.571963
1.572045
1.572090
1.572164
1.572185
1.572240
1.572299
1.572390
1.572588
1.572891
1.572956
1.572998
1.573078
1.573118
1.570837
1.573284
1.573355
1.573288
1.573341
1.573404
1.573201
1.568439
1.573342
1.573435
1.574146
1.574169
1.574234
1.574314
1.574355
1.575108
1.574509
1.574567
1.574667
1.574729
1.574780
1.574854
1.574894
1.574985
1.575058
1.575192
1.575479
1.577040
1.577283
1.577459
1.577610
1.577355
1.577501
1.577835
1.577944
1.578016
1.578082
1.578162
1.578268
1.578477
1.578579
1.578623
1.578714
1.578793
1.578644
1.561136
1.578784
1.579376
1.578966
1.578361
1.578442
1.579783
1.579831
1.579399
1.580006
1.579559
1.580181
1.580258
1.580391
1.580972
1.581042
1.580712
1.581203
1.581247
1.581323
1.581378
1.581472
1.581546
1.580693
1.581666
1.581678
1.580955
1.581042
1.580856
1.580984
1.581354
1.581418
1.581492
1.581566
1.581621
1.560109
1.581761
1.581855
1.580775
1.580777
1.580829
1.567066
1.580964
1.580724
1.581485
1.581534
1.581597
1.581778
1.581786
1.581934
1.582006
1.584765
1.581990
1.582030
1.582207
1.582177
1.582531
1.585282
1.581776
1.585455
1.585547
1.585604
1.585696
1.585767
1.585819
1.585966
1.586334
1.586414
1.586475
1.586573
1.586631
1.586698
1.586772
1.586810
1.586942
1.586896
1.587130
1.584901
1.589251
1.593459
1.589642
1.594369
1.594445
1.594518
1.590669
1.594663
1.600021
1.606767
1.582290
1.588816
1.602518
1.582363
1.603269
1.603541
1.590939
1.604239
1.613513
1.617407
1.617618
1.617738
1.603707
1.604677
1.618048
1.604910
1.605027
1.604537
1.618787
1.605506
1.605598
1.605664
1.605724
1.605765
1.605953
1.606030
1.606091
1.606117
1.606179
1.606243
1.606310
1.606376
1.606446
1.606283
1.606829
1.606599
1.606302
1.606360
1.606347
1.606147
1.606084
1.606112
1.604142
1.604161
1.604201
1.604187
1.604215
1.621679
1.622117
1.622187
1.603989
1.622857
1.623005
1.623130
1.623262
1.623320
1.623375
1.623431
1.623486
1.610192
1.610290
1.623822
1.623920
1.615077
1.603063
1.611742
1.611069
1.611406
1.611465
1.611529
1.611599
1.611646
1.604052
1.603763
1.603598
1.603625
1.603444
1.603702
1.603774
1.603808
1.603866
1.603987
1.602947
1.604356
1.604445
1.604529
1.604618
1.604729
1.604756
1.604801
1.604834
1.604537
1.604527
1.604432
1.604420
1.604399
1.604449
1.604581
1.604849
1.604855
1.604887
1.604936
1.604526
1.604581
1.604652
1.604730
1.604773
1.604842
1.604856
1.604912
1.604959
1.605048
1.604743
1.618597
1.605650
1.605726
1.605558
1.605612
1.604687
1.605719
1.605746
1.605810
1.605790
1.605846
1.605810
1.605749
1.605951
1.606010
1.606428
1.606465
1.606517
1.606592
1.606200
1.606725
1.606780
1.606791
1.606855
1.606928
1.606993
1.607049
1.607103
1.607162
1.607213
1.607320
1.607597
1.607657
1.607714
1.607733
1.607811
1.621162
1.622200
1.622129
1.622102
1.622233
1.622321
1.622404
1.622414
1.622994
1.623174
1.623363
1.623446
1.623521
1.623553
1.623633
1.623697
1.623799
1.623830
1.623893
1.660832
1.609896
1.609909
1.609980
1.610040
1.610177
1.610420
1.610484
1.610536
1.610029
1.610258
1.610398
1.610551
1.610695
1.610827
1.610949
1.611062
1.626349
1.626490
1.626630
1.626773
1.627651
1.627723
1.627864
1.628633
1.628748
1.628856
1.628944
1.615102
1.615938
1.615992
1.616059
1.616098
1.616172
1.616210
1.616281
1.616419
1.616735
1.616812
1.616856
1.616925
1.616986
1.617050
1.617109
1.617163
1.615777
1.617292
1.617385
1.617444
1.617503
1.617561
1.617695
1.617962
1.617282
1.617414
1.617484
1.617616
1.617709
1.617829
1.617937
1.618019
1.618137
1.634056
1.634014
1.634067
1.634154
1.634218
1.634310
1.634402
1.634543
1.635109
1.635637
1.635625
1.635944
1.635806
1.637330
1.637112
1.637499
1.637657
1.637891
1.637971
1.638042
1.616738
1.617162
1.617309
1.617209
1.617368
1.611544
1.617435
1.617489
1.612028
1.616911
1.612600
1.617002
1.612766
1.613047
1.617576
1.618505
1.613333
1.618118
1.613436
1.617899
1.617930
1.613571
1.618016
1.618454
1.618254
1.614062
1.618820
1.619429
1.619126
1.620445
1.620220
1.620295
1.620955
1.616326
1.616280
1.616602
1.621525
1.616822
1.621503
1.622146
1.622198
1.622842
1.622523
1.623313
1.619581
1.619546
1.618704
1.619006
1.618861
1.618964
1.619335
1.624107
1.620322
1.620422
1.624469
1.624549
1.620957
1.620259
1.625048
1.620630
1.620494
1.620729
1.620799
1.620279
1.625459
1.625624
1.621903
1.621146
1.622008
1.625860
1.622256
1.626286
1.621494
1.622362
1.622722
1.623659
1.623056
1.623130
1.622909
1.623346
1.624168
1.624706
1.624281
1.624400
1.624438
1.624763
1.624404
1.625023
1.624444
1.624539
1.624640
1.624733
1.624834
1.624876
1.625023
1.625360
1.625484
1.625545
1.625589
1.625653
1.626330
1.625859
1.625943
1.627912
1.626773
1.626237
1.626288
1.626996
1.627036
1.627293
1.627393
1.627521
1.627685
1.627811
1.627869
1.627931
1.629362
