0.714354
0.718345
0.719644
0.722960
0.719329
0.718927
0.716456
0.715559
0.715812
0.712367
0.716401
0.716416
0.716901
0.717429
0.717793
0.717964
0.718166
0.718181
0.718346
0.718466
0.718852
0.719183
0.719331
0.719519
0.707991
0.719761
0.720004
0.720129
0.720243
0.720580
0.720711
0.720830
0.720962
0.721067
0.721350
0.721524
0.721720
0.721967
0.722280
0.722593
0.723285
0.723215
0.723574
0.723925
0.724343
0.724577
0.724731
0.725184
0.725486
0.725488
0.725252
0.725858
0.727224
0.728250
0.729375
0.729807
0.730010
0.730229
0.730302
0.721648
0.730336
0.730535
0.718487
0.711190
0.730858
0.731007
0.731194
0.731217
0.731297
0.731338
0.731418
0.731337
0.731538
0.731746
0.732166
0.732274
0.732324
0.732366
0.732445
0.732509
0.732600
0.732650
0.727310
0.732757
0.732821
0.732951
0.732962
0.732997
0.733738
0.733815
0.733833
0.733886
0.733973
0.734044
0.734108
0.734151
0.734216
0.734274
0.734364
0.734406
0.734345
0.734520
0.734530
0.735303
0.735673
0.735742
0.735863
0.735797
0.735905
0.736021
0.736121
0.736202
0.735920
0.735971
0.736094
0.736181
0.736337
0.736348
0.736370
0.736567
0.737008
0.737081
0.737124
0.737300
0.737392
0.737552
0.737563
0.737587
0.737799
0.737908
0.737919
0.732614
0.734627
0.734115
0.734257
0.734452
0.734725
0.734756
0.734935
0.734938
0.734935
0.734659
0.734268
0.735171
0.734874
0.734988
0.734999
0.735112
0.735183
0.735222
0.742692
0.742737
0.742528
0.742768
0.742770
0.742765
0.742859
0.742914
0.742884
0.742936
0.742989
0.743048
0.743087
0.743146
0.743270
0.743367
0.743767
0.743813
0.743953
0.743948
0.744040
0.744100
0.744211
0.744189
0.744255
0.744309
0.744371
0.744266
0.744528
0.744579
0.744685
0.744810
0.745240
0.745374
0.745477
0.745515
0.745590
0.745644
0.745797
0.745805
0.743197
0.745955
0.745951
0.745971
0.746081
0.746098
0.746240
0.746629
0.746660
0.746735
0.746780
0.737167
0.746967
0.747019
0.747078
0.747139
0.747192
0.745042
0.745387
0.745371
0.745414
0.745476
0.745661
0.745937
0.739766
0.746085
0.739912
0.746206
0.746339
0.746485
0.746615
0.746952
0.744389
0.747179
0.747160
0.747224
0.747306
0.747843
0.747904
0.747238
0.747948
0.748097
0.748155
0.748208
0.748358
0.748288
0.748445
0.748504
0.748528
0.748586
0.748630
0.748689
0.748759
0.748887
0.749335
0.749496
0.749381
0.751438
0.751562
0.751659
0.751526
0.751861
0.751922
0.752037
0.752105
0.752193
0.752307
0.752426
0.753197
0.753491
0.753617
0.753738
0.753864
0.754022
0.753441
0.754486
0.749828
0.754863
0.754972
0.755051
0.755172
0.755527
0.755598
0.755656
0.755256
0.755295
0.755339
0.751337
0.746750
0.751563
0.751640
0.751039
0.751042
0.751022
0.751006
0.751117
0.751594
0.751827
0.751854
0.751895
0.752045
0.752015
0.752024
0.752077
0.751678
0.751791
0.751804
0.751900
0.751961
0.752018
0.752148
0.752148
0.752285
0.752596
0.752635
0.752719
0.752733
0.750673
0.751511
0.750880
0.751354
0.750589
0.750019
0.749466
0.749336
0.749138
0.752697
0.748709
0.753852
0.754280
0.754422
0.754406
0.754546
0.754627
0.754935
0.755065
0.755174
0.755261
0.755343
0.755385
0.755529
0.755507
0.755616
0.755764
0.756121
0.756216
0.756367
0.756453
0.756537
0.756598
0.756683
0.756752
0.757226
0.757355
0.757447
0.757496
0.757553
0.757563
0.757637
0.757667
0.757735
0.757782
0.757845
0.757886
0.757946
0.757998
0.758026
0.758083
0.758145
0.758652
0.758686
0.758756
0.758791
0.758857
0.758887
0.758968
0.759010
0.759144
0.759179
0.759162
0.759244
0.759310
0.759381
0.759432
0.760031
0.760454
0.760502
0.760567
0.760644
0.760674
0.760751
0.760806
0.760874
0.760914
0.760983
0.761023
0.761057
0.761129
0.761172
0.761230
0.761361
0.761709
0.761664
0.761725
0.761768
0.761850
0.761924
0.761976
0.762045
0.762022
0.762154
0.762155
0.762257
0.762298
0.762367
0.762483
0.762567
0.762647
0.762844
0.762948
0.762595
0.762672
0.762728
0.762801
0.762023
0.767620
0.764005
0.767804
0.763196
0.763240
0.763380
0.763758
0.763799
0.764994
0.764999
0.765021
0.765176
0.764197
0.764289
0.764345
0.764396
0.764459
0.764534
0.764556
0.763288
0.764779
0.765078
0.765143
0.765223
0.765260
0.765222
0.765198
0.765320
0.765364
0.765280
0.765529
0.765556
0.765616
0.765682
0.765685
0.765832
0.766197
0.766243
0.766280
0.766329
0.766404
0.766440
0.766514
0.766478
