0.170511
0.269234
0.270957
0.277528
0.272230
0.272842
0.273591
0.273058
0.272148
0.277427
0.274464
0.276843
0.278079
0.278106
0.278279
0.277429
0.278337
0.278454
0.278570
0.278766
0.278793
0.278877
0.278966
0.279022
0.279073
0.279140
0.277347
0.279328
0.279445
0.279675
0.280111
0.280531
0.280883
0.279619
0.274559
0.280796
0.280947
0.281102
0.278836
0.281456
0.281884
0.282112
0.282284
0.282384
0.282491
0.282592
0.282761
0.282940
0.283098
0.283572
0.279184
0.283439
0.283495
0.283607
0.283714
0.283834
0.283933
0.284065
0.284192
0.284360
0.284415
0.284538
0.284662
0.284784
0.284841
0.284888
0.284970
0.285019
0.288176
0.288292
0.291135
0.292718
0.294474
0.294786
0.294869
0.294955
0.295035
0.295093
0.295172
0.295259
0.296696
0.296796
0.296885
0.296955
0.297040
0.297102
0.297187
0.297245
0.293033
0.291783
0.296709
0.296740
0.296790
0.293516
0.293578
0.293609
0.293701
0.297169
0.293906
0.294009
0.294076
0.294148
0.294313
0.294456
0.294578
0.294654
0.297981
0.294833
0.294946
0.295051
0.298487
0.298599
0.298734
0.298802
0.298910
0.306787
0.306888
0.307090
0.307246
0.307381
0.307472
0.307528
0.307710
0.307817
0.307887
0.307910
0.308035
0.308112
0.308217
0.308274
0.307144
0.308366
0.308402
0.308455
0.308519
0.308545
0.308586
0.308664
0.308725
0.305446
0.308890
0.308919
0.308961
0.309018
0.309081
0.308736
0.308799
0.308819
0.308877
0.308608
0.308663
0.308694
0.308751
0.308820
0.308843
0.308900
0.308949
0.309009
0.309122
0.309212
0.309285
0.309393
0.309429
0.309490
0.309541
0.309625
0.309662
0.309736
0.309767
0.309851
0.309944
0.310059
0.304170
0.304200
0.304277
0.304370
0.304477
0.304514
0.304515
0.304604
0.304716
0.304745
0.304726
0.304758
0.304813
0.304785
0.304720
0.304773
0.302562
0.304919
0.304941
0.304980
0.305026
0.305085
0.305096
0.305170
0.305272
0.305368
0.305463
0.305511
0.305593
0.305672
0.305721
0.305751
0.305828
0.305863
0.305964
0.306059
0.306136
0.306175
0.306241
0.306339
0.306440
0.306527
0.306624
0.306738
0.314726
0.314799
0.314849
0.314930
0.314962
0.315053
0.315221
0.315605
0.315656
0.315767
0.315850
0.315870
0.314079
0.316108
0.314346
0.314766
0.314800
0.314895
0.314988
0.315118
0.315209
0.315278
0.315313
0.315345
0.315361
0.315398
0.315434
0.315530
0.315568
0.315658
0.315762
0.315837
0.315877
0.315968
0.316067
0.316115
0.316199
0.316273
0.316342
0.316385
0.316484
0.316675
0.316647
0.311553
0.316853
0.316885
0.314189
0.314239
0.314258
0.314335
0.314447
0.312361
0.317534
0.303429
0.307593
0.307667
0.307764
0.307893
0.307920
0.308069
0.308210
0.308322
0.308361
0.308460
0.308565
0.308610
0.308687
0.308798
0.308903
0.308957
0.309026
0.308306
0.308374
0.308485
0.308557
0.308619
0.308670
0.308725
0.308794
0.308853
0.308909
0.308970
0.308987
0.309066
0.309094
0.309157
0.309206
0.309281
0.309365
0.309404
0.309479
0.309598
0.309640
0.309720
0.309815
0.309870
0.301283
0.310029
0.310078
0.310144
0.310216
0.310244
0.310327
0.310392
0.310571
0.310672
0.310733
0.302499
0.310962
0.311083
0.311190
0.311292
0.311407
0.311443
0.311518
0.311534
0.311606
0.311630
0.311722
0.311754
0.311855
0.311891
0.311987
0.312384
0.312463
0.312501
0.312590
0.312698
0.312816
0.312925
0.313060
0.313074
0.313166
0.313250
0.313306
0.313344
0.313439
0.313467
0.313554
0.313653
0.313777
0.313801
0.313889
0.314007
0.314075
0.314117
0.314188
0.314241
0.314296
0.314332
0.314408
0.314513
0.314592
0.314620
0.314689
0.314747
0.314749
0.314659
0.314739
0.314846
0.314893
0.315010
0.315117
0.315193
0.315214
0.315242
0.315328
0.315378
0.315457
0.315509
0.315570
0.315648
0.315691
0.315772
0.315878
0.315951
0.315986
0.309632
0.316122
0.316175
0.316238
0.316282
0.316363
0.316404
0.316468
0.316521
0.316584
0.328091
0.325742
0.323790
0.322329
0.321940
0.321985
0.322072
0.322116
0.322201
0.322269
0.322364
0.322483
0.322581
0.322683
0.322812
0.322954
0.312393
0.312447
0.312547
0.312588
0.312675
0.312794
0.312847
0.312909
0.312967
0.313049
0.313182
0.313287
0.313346
0.309238
0.313507
0.313603
0.313710
0.313812
0.313865
0.313936
0.313999
0.314072
0.314171
0.314279
0.314325
0.314438
0.314496
0.314604
0.314714
0.315537
0.315689
0.315805
0.315154
0.315984
0.316108
0.316239
0.316352
0.316487
0.316555
0.316603
0.316705
0.316816
0.316924
0.317035
0.317126
0.317233
0.317339
0.317464
0.317540
0.317595
0.318256
0.318449
0.318507
0.318655
0.318808
0.318932
0.318986
0.319083
0.319183
0.319293
0.319465
0.319489
0.319507
0.319603
0.319676
0.319733
0.319814
0.319853
0.319949
0.320071
0.320123
0.320190
0.319489
0.320340
0.320392
0.320501
0.320624
0.320679
0.320746
0.320815
0.320884
0.320905
0.320972
0.321001
0.321123
0.321162
0.321239
0.321290
0.321383
0.321472
0.321612
0.321721
0.321768
0.321858
0.321995
0.322076
0.323612
0.324726
0.329274
0.329442
0.329548
0.329640
0.329702
0.329802
0.329869
0.329901
0.329963
0.336026
0.350869
0.356396
0.356632
0.356698
0.356769
0.356856
0.356975
0.357141
0.357196
0.357373
0.357555
0.357683
0.357796
0.357899
0.357994
0.358119
0.358188
0.358327
0.356491
0.358737
0.359173
0.359213
0.359576
0.359795
0.359917
0.360030
0.360120
0.360220
0.360323
0.360400
0.360512
0.360644
0.360699
0.360846
0.360962
0.361048
0.361318
0.361686
0.362426
0.363406
0.363838
0.364807
0.365413
0.366828
0.367133
0.367307
0.367387
0.367512
0.367618
0.367733
0.367869
0.367981
0.368043
0.368177
0.368257
0.368331
0.368460
0.368555
0.368593
0.367410
0.369271
0.369236
0.369460
0.369650
0.369716
0.369833
0.369950
0.370050
0.370137
0.370229
0.370285
0.370354
0.370414
0.370522
0.370615
0.370705
0.370843
0.370937
0.371060
0.371310
0.371602
0.371729
0.371819
0.372685
0.372743
0.372899
0.372941
0.373151
0.373364
0.373442
0.373529
0.373656
0.373757
0.373820
0.373909
0.373968
0.374082
0.374181
0.374246
0.374350
0.374035
0.374842
0.374897
0.375147
0.375264
0.375381
0.375482
0.375707
0.375854
0.359714
0.375850
0.375920
0.375966
0.376074
0.376125
0.376283
0.376409
0.376811
0.376982
0.377021
0.378571
0.379084
0.379149
0.379258
0.379516
0.379673
0.379734
0.379828
0.379935
0.379116
0.380663
0.379743
0.381072
0.381107
0.380102
0.381403
0.381501
0.381584
0.381624
0.380701
0.380788
0.380844
0.380919
0.380971
0.381059
0.381250
0.365862
0.381710
0.345284
0.367931
0.365275
0.368084
0.383747
0.367882
0.384058
0.368137
0.383466
0.384494
0.384576
0.368617
0.368702
0.368758
0.368911
0.369344
0.369407
0.369505
0.369613
0.369758
0.369873
0.373624
0.374896
0.375518
0.376450
0.378581
0.379424
0.379759
0.380017
0.380545
0.380852
0.381260
0.381662
0.381840
0.382058
0.382232
0.382370
0.382550
0.382736
0.382903
0.383077
0.383205
0.383958
0.384140
0.384254
0.384977
0.385230
0.385371
0.385515
0.385638
0.386137
0.386280
0.386380
0.386528
0.386820
0.386955
0.387103
0.387820
0.388025
0.388944
0.389912
0.390584
0.390671
0.390752
0.390843
0.390884
0.390983
0.391998
0.392170
0.392339
0.392498
0.392718
0.392907
0.393091
0.393256
0.393412
0.393578
0.393726
0.393927
0.394048
0.394196
0.394376
0.395127
0.395373
0.395548
0.395723
0.396055
0.396432
0.396851
0.397208
0.397393
0.396581
0.397682
0.397769
0.397958
0.398032
0.398084
0.398142
0.398194
0.398403
0.398488
0.398707
0.398787
0.398864
0.398986
0.399106
0.399149
0.399203
0.399259
0.419143
0.418220
0.418271
0.418313
0.418370
0.399739
0.418135
0.418178
0.417733
0.418716
0.419074
0.419351
0.419396
0.419060
0.419557
0.419208
0.419219
0.419298
0.419331
0.404155
0.404191
0.420143
0.420159
0.420228
0.398638
0.402701
0.402894
0.402976
0.403016
0.403061
0.403148
0.403167
0.403236
0.403282
0.403363
0.403511
0.403671
0.403723
0.403791
0.403817
0.403880
0.403938
0.403999
0.404029
0.404270
0.404417
0.404597
0.404670
0.404744
0.404807
0.404882
0.404907
0.404995
0.405034
0.405118
0.405162
0.405235
0.405281
0.405370
0.405427
0.405571
0.405785
0.405868
0.405933
0.406022
0.406028
0.406883
0.407296
0.407451
0.407607
0.407720
0.407776
0.407836
0.407912
0.407986
0.408026
0.408179
0.408217
0.408284
0.408328
0.408393
0.401488
0.406895
0.405682
0.405732
0.405792
0.405930
0.406249
0.406387
0.406445
0.406509
0.406579
0.406730
0.406662
0.412386
0.412852
0.412978
0.416137
0.416226
0.416287
0.416380
0.416583
0.416922
0.417002
0.417028
0.417088
0.417121
0.417183
0.417233
0.417848
0.417367
0.414198
0.415858
0.413496
0.413545
0.413589
0.413628
0.413742
0.414138
0.414283
0.414355
0.414367
0.414460
0.414609
0.414692
0.414732
0.414801
0.414859
0.414920
0.414968
0.415049
0.415087
0.424040
0.415226
0.413935
0.414068
0.414266
0.414460
0.414607
0.414735
0.414798
0.414844
0.414903
0.414961
0.415012
0.415071
0.415101
0.415199
0.407673
0.414447
0.414446
0.422784
0.416071
0.416381
0.412608
0.410851
0.411045
0.411232
0.411437
0.411750
0.411926
0.412014
0.412112
0.412286
0.412466
0.412524
0.412662
0.412789
0.412826
0.412921
0.427005
0.413225
0.413368
0.413431
0.413481
0.413564
0.413594
0.413659
0.413685
0.413793
0.413827
0.413918
0.413984
0.414012
0.414087
0.414144
0.414221
0.414742
0.415374
0.429515
0.415220
0.415289
0.414482
0.413163
0.415428
0.415504
0.415550
0.415629
0.414921
0.414993
0.415037
0.415131
0.415265
0.415607
0.415799
0.415961
0.416090
0.416136
0.416193
0.416233
0.416321
0.416357
0.416416
0.416460
0.416519
0.416596
0.416679
0.416811
0.416998
0.417168
0.417297
0.417338
0.417423
0.417489
0.417520
0.417580
0.417607
0.417703
0.417742
0.417834
0.418159
0.434501
0.418501
0.418541
0.418142
0.418187
0.418243
0.418323
0.418374
0.420830
0.418524
0.418584
0.420289
0.420325
0.420320
0.420375
0.419293
0.419385
0.419532
0.419652
0.419863
0.420089
0.420263
0.420450
0.420593
0.437594
0.437665
0.437716
0.437749
0.437845
0.437885
0.430302
0.423883
0.434143
0.434208
0.434302
0.434419
0.434470
0.434536
0.434583
0.434738
0.435112
0.435326
0.435474
0.435495
0.435587
0.439583
0.439653
0.439709
0.439783
0.439822
0.439853
0.439907
0.439524
0.439593
0.439745
0.439948
0.440104
0.440155
0.440177
0.440262
0.440506
0.439892
0.440891
0.441069
0.441173
0.441222
0.441312
0.439682
0.441760
0.442049
0.442293
0.442475
0.442593
0.442655
0.442707
0.442722
0.442811
0.442956
0.443044
0.443112
0.443159
0.443248
0.443295
0.443343
0.443380
0.443436
0.443496
0.443560
0.432032
0.443630
0.432192
0.443758
0.443862
0.444341
0.444694
0.444844
0.444901
0.444977
0.445023
0.445061
0.445134
0.445177
0.445249
0.445273
0.445366
0.445416
0.445451
0.445526
0.445573
0.445642
0.445776
0.446074
0.446281
0.446461
0.446609
0.446732
0.446380
0.446484
0.446621
0.446690
0.446993
0.447136
0.447291
0.447379
0.447434
0.447495
0.447564
0.447609
0.447672
0.447725
0.447815
0.447815
0.447871
0.447941
0.447983
0.448059
0.448106
0.448158
0.448753
0.448888
0.448934
0.449008
0.449050
0.449139
0.449175
0.449266
0.448940
0.449355
0.449400
0.437798
0.388744
0.436814
0.436886
0.436950
0.437011
0.437116
0.437422
0.437572
0.437658
0.437686
0.347653
0.437835
0.438170
0.438592
0.438802
0.439003
0.439038
0.439182
0.439357
0.439477
0.439638
0.439788
0.445933
0.446165
0.446287
0.446421
0.405041
0.447374
0.356937
0.447466
0.447681
0.448227
0.358197
0.358313
0.358420
0.358526
0.448752
0.448696
0.452150
0.450458
0.444901
0.444586
0.359404
0.359501
0.486206
0.452773
0.450761
0.486650
0.451003
0.451122
0.451236
0.451358
0.473770
0.473882
0.474037
0.474143
0.474254
0.474350
0.474460
0.474575
0.474614
0.474722
0.474838
0.474959
0.453019
0.475196
0.475314
0.475437
0.475568
0.475742
0.475853
0.475989
0.476408
0.476511
0.476626
0.476629
0.476743
0.476855
0.476977
0.455077
0.455184
0.454966
0.455055
0.455179
0.456039
0.478679
0.479015
0.456464
0.456574
0.456707
0.456808
0.456893
0.457010
0.457130
0.457244
0.457372
0.457458
0.457582
0.458102
0.459105
0.416818
0.416890
0.417079
0.419377
0.419454
0.420018
0.420341
0.420374
0.420458
0.420545
0.420341
0.420429
0.420501
0.420637
0.420739
0.420830
0.430973
0.432071
0.432131
0.432241
0.432412
0.432507
0.432901
0.432976
0.433278
0.433603
0.433691
0.433790
0.433858
0.433985
0.434187
0.434216
0.434339
0.432611
0.434552
0.434107
0.433905
0.434027
0.434087
0.434204
0.434269
0.434382
0.434400
0.434527
0.434623
0.434734
0.434858
0.434965
0.435061
0.435174
0.434374
0.434449
0.434553
0.434600
0.434675
0.434770
0.434828
0.434956
0.435068
0.436128
0.436700
0.436801
0.436910
0.436922
0.437160
0.437274
0.437383
0.437492
0.437579
0.437675
0.437732
0.437826
0.437914
0.438002
0.438066
0.438505
0.438633
0.438731
0.438948
0.439014
0.439091
0.439169
0.439246
0.439332
0.439392
0.439521
0.439582
0.439644
0.439688
0.439816
0.439820
0.440044
0.440055
0.440820
0.489289
0.441065
0.441420
0.442051
0.442139
0.442314
0.442575
0.442538
0.442646
0.442766
0.442841
0.442948
0.442979
0.443087
0.443113
0.443050
0.443121
0.443229
0.443261
0.443364
0.443411
0.443529
0.443842
0.443840
0.443938
0.443984
0.444074
0.444174
0.444236
0.444369
0.444443
0.444560
0.444559
0.444618
0.444759
0.444848
0.444957
0.445464
0.445601
0.445582
0.445673
0.445772
0.445855
0.445980
0.446076
0.446150
0.446245
0.446304
0.446312
0.446429
0.446485
0.446558
0.446651
0.446406
0.446523
0.446517
0.446620
0.446670
0.446758
0.446832
0.446930
0.447053
0.447148
0.447232
0.446911
0.446980
0.447055
0.447122
0.447238
0.447275
0.447381
0.447400
0.447507
0.447551
0.447829
0.447908
0.448386
0.448928
0.449018
0.449066
0.449149
0.449216
0.449277
0.449306
0.449224
0.449504
0.449543
0.449644
0.451215
0.455629
0.456040
0.456145
0.456238
0.456381
0.456438
0.456491
0.456596
0.456595
0.456659
0.456677
0.456677
0.456699
0.456763
0.456774
0.456838
0.456878
0.456886
0.456878
0.456931
0.456915
0.456755
0.456699
0.456901
0.457014
0.457065
0.457142
0.457151
0.457193
0.457201
0.457221
0.456960
0.456904
0.456886
0.456825
0.456798
0.456771
0.456726
0.456725
0.456771
0.457036
0.457087
0.457042
0.457190
0.457239
0.457227
0.457195
0.457111
0.457084
0.457060
0.457004
0.456964
0.456945
0.456920
0.456889
0.456946
0.457234
0.457275
0.457269
0.457222
0.457462
0.457348
0.457374
0.457346
0.457347
0.457394
0.457332
0.457385
0.457478
0.457542
0.457599
0.457697
0.457743
0.457852
0.457927
0.457991
0.458101
0.457652
0.457582
0.457639
0.457770
0.457923
0.457972
0.458081
0.458073
0.458301
0.458219
0.458299
0.458366
0.458495
0.458592
0.458712
0.458839
0.458810
0.458894
0.458949
0.459059
0.459102
0.459208
0.458993
0.459096
0.459156
0.459250
0.459341
0.459408
0.459536
0.459774
0.460164
0.460294
0.460365
0.460421
0.460529
0.460621
0.460744
0.460855
0.460931
0.460932
0.460988
0.461080
0.461198
0.461242
0.461327
0.461422
0.461456
0.461551
0.461592
0.461692
0.461787
0.461923
0.462027
0.462021
0.462151
0.462259
0.462335
0.461933
0.462212
0.462470
0.462511
0.462598
0.462715
0.462810
0.462793
0.462848
0.462941
0.463044
0.463174
0.463600
0.463691
0.463779
0.463859
0.463934
0.463963
0.464019
0.464081
0.464147
0.464265
0.464217
0.464454
0.464561
0.464641
0.464697
0.464798
0.464827
0.464917
0.464943
0.465015
0.465084
0.465533
0.465993
0.466119
0.466230
0.466303
0.466354
0.466283
0.466334
0.466363
0.466369
0.466370
0.466419
0.466419
0.466466
0.466510
0.466560
0.466612
0.466644
0.466735
0.467286
0.467407
0.467368
0.467456
0.467508
0.467526
0.467567
0.467567
0.467605
0.467616
0.467620
0.467619
0.467629
0.467669
0.467686
0.467686
0.467715
0.467742
0.470422
0.468249
0.468284
0.468313
0.468346
0.468349
0.468388
0.468374
0.468422
0.468409
0.468452
0.468462
0.468482
0.468518
0.468541
0.468553
0.468590
0.468962
0.469098
0.469191
0.469195
0.469206
0.469218
0.469273
0.469275
0.469280
0.468915
0.468966
0.468955
0.468962
0.466437
0.466032
0.465612
0.465741
0.466493
0.466634
0.466738
0.466629
0.466739
0.466866
0.466969
0.467158
0.467303
0.469466
0.476275
0.470435
0.470545
0.470602
0.494375
0.470966
0.471397
0.471500
0.471540
0.471601
0.471632
0.471677
0.471723
0.471752
0.471788
0.471830
0.471871
0.471918
0.471961
0.472016
0.472049
0.472150
0.472481
0.472604
0.472673
0.472799
0.472885
0.472995
0.472981
0.473047
0.473127
0.473248
0.473348
0.473437
0.473552
0.473563
0.473741
0.473749
0.473856
0.473977
0.474050
0.474176
0.473878
0.473888
0.473895
0.473961
0.474026
0.474005
0.474077
0.474123
0.474680
0.474821
0.474933
0.475021
0.475136
0.475239
0.475330
0.475440
0.475503
0.475591
0.475708
0.475797
0.475892
0.476014
0.476083
0.476208
0.476267
0.476371
0.476506
0.476588
0.476662
0.476790
0.476904
0.476985
0.477096
0.477290
0.477384
0.481063
0.479952
0.480773
0.481138
0.481500
0.481970
0.482156
0.482637
0.482932
0.483219
0.483396
0.484890
0.485303
0.485630
0.485888
0.486180
0.486453
0.486618
0.486920
0.487236
0.487545
0.487976
0.488504
0.488858
0.489039
0.489130
0.489247
0.489306
0.489400
0.489489
0.489516
0.489614
0.489705
0.489786
0.489884
0.489986
0.490089
0.490194
0.490306
0.490408
0.491200
0.491725
0.492013
0.492430
0.492852
0.493808
0.493982
0.494109
0.494261
0.494368
0.494508
0.495119
0.495094
0.495452
0.495585
0.496467
0.496647
0.497096
0.497147
0.497281
0.497370
0.497567
0.497710
0.497851
0.497979
0.498097
0.498232
0.498389
0.498437
0.498498
0.499242
0.499451
0.499833
0.499946
0.499988
0.500045
0.499825
0.500146
0.500188
0.500231
0.500300
0.500428
0.500772
0.500978
0.501092
0.501382
0.501482
0.501503
0.501589
0.501618
0.501680
0.501700
0.501761
0.501781
0.501845
0.501594
0.501961
0.502089
0.502491
0.502620
0.502705
0.502799
0.502950
0.503063
0.503087
0.503299
0.503346
0.503348
0.503405
0.503441
0.503489
0.503528
0.503581
0.503659
0.503784
0.504050
0.504184
0.504243
0.504296
0.504360
0.504361
0.504474
0.504492
0.504542
0.504585
0.504632
0.504675
0.504718
0.504773
0.504805
0.504840
0.505430
0.505532
0.505620
0.505725
0.505787
0.505830
0.505893
0.505972
0.506136
0.506418
0.506650
0.506825
0.507003
0.507132
0.507222
0.507364
0.507442
0.507577
0.507647
0.507668
0.507743
0.507895
0.508022
0.508175
0.507267
0.508363
0.508013
0.508689
0.508250
0.508157
0.508142
0.508129
0.508218
0.508375
0.508955
0.509013
0.509152
0.509074
0.509169
0.509307
0.509421
0.509480
0.509517
0.509577
0.509600
0.509665
0.509692
0.509757
0.509784
0.509832
0.509873
0.509926
0.509964
0.510021
0.510058
0.510468
0.510577
0.510605
0.510681
0.510883
0.510897
0.511008
0.511067
0.511152
0.511276
0.511349
0.511466
0.511519
0.511576
0.511602
0.511648
0.511707
0.511731
0.511425
0.511846
0.511892
0.511996
0.511986
0.513214
0.513408
0.513959
0.514544
0.514596
0.514657
0.514949
0.514759
0.514815
0.514822
0.514912
0.515029
0.515189
0.515308
0.515415
0.514679
0.515511
0.515625
0.515710
0.515835
0.515892
0.515953
0.515979
0.516001
0.516064
0.516091
0.516145
0.516189
0.516193
0.516246
0.516293
0.516330
0.516373
0.516491
0.516906
0.517024
0.517095
0.517225
0.517293
0.517420
0.517463
0.517599
0.517668
0.517762
0.517762
0.517568
0.517660
0.517371
0.517910
0.518005
0.518140
0.518256
0.518638
0.518827
0.518931
0.518987
0.518865
0.519119
0.519178
0.519214
0.519157
0.519330
0.519265
0.519301
0.519343
0.519399
0.519425
0.519473
0.519617
0.519977
0.520091
0.520146
0.520202
0.520239
0.520281
0.520305
0.520357
0.520396
0.520451
0.520484
0.520546
0.520587
0.520632
0.520677
0.520720
0.520765
0.521329
0.521446
0.521578
0.610605
0.610736
0.520251
0.610449
0.610475
0.610516
0.610534
0.610550
0.520125
0.610520
0.611031
0.520666
0.520393
0.520701
0.520922
0.520645
0.520678
0.569722
0.521117
0.521153
0.521215
0.521255
0.521315
0.521345
0.521408
0.570558
0.521516
0.521558
0.521590
0.612529
0.521624
0.570974
0.571058
0.571566
0.571728
0.539389
0.538335
0.533511
0.530034
0.530117
0.523890
0.530369
0.530502
0.530877
0.531050
0.531167
0.581361
0.525025
0.525138
0.525282
0.525396
0.525534
0.525653
0.525770
0.525908
0.525445
0.525596
0.525712
0.525845
0.525960
0.526073
0.526207
0.526323
0.620688
0.527391
0.618608
0.526980
0.573349
0.570683
0.538836
0.543175
0.539097
0.528068
0.528154
0.741324
1.298111
1.459951
