1.204959
1.205284
1.205741
1.205992
1.206173
1.206339
1.206628
1.206785
1.206930
1.207147
1.207348
1.201409
1.207981
1.207892
1.208459
1.208657
1.208995
1.209030
1.209187
1.209369
1.209517
1.209697
1.209896
1.210132
1.210316
1.210514
1.210895
1.211091
1.211247
1.211423
1.211577
1.211734
1.211968
1.212097
1.212627
1.211224
1.212892
1.213134
1.213288
1.213323
1.213470
1.217013
1.215506
1.194600
1.193630
1.217974
1.218138
1.209490
1.217027
1.217040
1.217072
1.217179
1.217448
1.217582
1.217716
1.217891
1.218033
1.218171
1.218302
1.218433
1.216596
1.219194
1.219394
1.219549
1.219775
1.199429
1.215028
1.215149
1.219312
1.219361
1.219455
1.219482
1.219532
1.198549
1.220085
1.220266
1.209090
1.220268
1.220512
1.220645
1.220714
1.220406
1.220468
1.220518
1.220562
1.220691
1.221137
1.221127
1.221159
1.221346
1.221305
1.221487
1.221433
1.221504
1.219011
1.221680
1.221735
1.221803
1.215666
1.215698
1.215885
1.216215
1.216683
1.216955
1.217062
1.217181
1.217316
1.217414
1.217516
1.217631
1.217734
1.221855
1.214417
1.214638
1.214798
1.225526
1.225819
1.225948
1.225945
1.226029
1.226105
1.226181
1.226228
1.226248
1.226432
1.226422
1.223240
1.226565
1.226650
1.226765
1.227992
1.220582
1.228865
1.228967
1.229026
1.229119
1.219482
1.219087
1.229452
1.229617
1.229708
1.229798
1.229872
1.229985
1.230027
1.230134
1.230640
1.230718
1.230904
1.230986
1.231063
1.231176
1.231276
1.231397
1.231499
1.231593
1.231710
1.231546
1.231964
1.232065
1.232159
1.232274
1.232506
1.233466
1.233665
1.233758
1.233888
1.233967
1.234165
1.234162
1.234246
1.234434
1.234990
1.235853
1.235486
1.235591
1.235152
1.235879
1.236362
1.236428
1.236488
1.236626
1.236714
1.236386
1.237205
1.237340
1.237404
1.219399
1.237524
1.237333
1.237416
1.237535
1.236705
1.228905
1.224961
1.220977
1.237593
1.219406
1.234927
1.237843
1.237900
1.217073
1.233239
1.233305
1.233382
1.233444
1.233515
1.233170
1.233766
1.234104
1.234116
1.234187
1.234263
1.234324
1.234391
1.234456
1.234513
1.234589
1.234320
1.234715
1.234775
1.234840
1.234916
1.235046
1.235117
1.235183
1.235473
1.235547
1.235571
1.235638
1.235624
1.235691
1.235736
1.235807
1.235865
1.235943
1.236007
1.233543
1.236256
1.236509
1.236596
1.236805
1.237351
1.238865
1.243504
1.243752
1.243902
1.243927
1.244197
1.244315
1.232454
1.230316
1.244664
1.230383
1.238867
1.251446
1.251580
1.251712
1.252379
1.252529
1.252803
1.252945
1.253079
1.253495
1.253625
1.254022
1.254442
1.254706
1.254840
1.255071
1.255142
1.255143
1.255198
1.255364
1.247655
1.255484
1.265525
1.255645
1.255705
1.255587
1.255875
1.255761
1.255816
1.255925
1.255990
1.256135
1.256426
1.256505
1.256580
1.256653
1.256726
1.256808
1.256881
1.256967
1.257035
1.257125
1.257192
1.257255
1.257307
1.257387
1.257524
1.257808
1.257879
1.257969
1.257540
1.258214
1.258277
1.258343
1.258423
1.258487
1.258546
1.258631
1.258701
1.258787
1.258844
1.258987
1.259273
1.259319
1.259440
1.259467
1.259509
1.249966
1.259601
1.247112
1.258661
1.259883
1.259906
1.260005
1.260110
1.260266
1.260481
1.260634
1.261392
1.261572
1.261706
1.261840
1.261970
1.262064
1.262195
1.262335
1.262468
1.262584
1.262761
1.262886
1.263055
1.263143
1.263863
1.264020
1.264145
1.264384
1.264526
1.264655
1.264745
1.264792
1.264897
1.264969
1.265055
1.265110
1.265194
1.265269
1.265341
1.265514
1.265895
1.265955
1.264333
1.266153
1.266215
1.266293
1.266339
1.264364
1.266550
1.266729
1.266798
1.266910
1.267117
1.267234
1.267423
1.267511
1.267536
1.267612
1.267691
1.267746
1.267819
1.267890
1.267965
1.268107
1.268492
1.268563
1.268624
1.268705
1.268776
1.268854
1.268921
1.268980
1.269027
1.269096
1.269163
1.269227
1.269290
1.269362
1.269511
1.269777
1.269806
1.269894
1.269966
1.270024
1.270092
1.270170
1.270236
1.270295
1.270340
1.270417
1.270491
1.270572
1.270624
1.270701
1.270603
1.271138
1.271225
1.271266
1.271343
1.271417
1.271493
1.271559
1.271617
1.271057
1.271773
1.271778
1.271850
1.271924
1.271957
1.271628
1.272367
1.272447
1.272518
1.272540
1.272611
1.272687
1.273128
1.273278
1.273078
1.273459
1.273510
1.273582
1.273627
1.265006
1.274688
1.275076
1.274999
1.275069
1.275163
1.275232
1.275282
1.275364
1.275424
1.275809
1.275856
1.275932
1.276010
1.276083
1.276134
1.276287
1.276595
1.276669
1.276689
1.276764
1.276421
1.276491
1.276571
1.276636
1.276705
