1.254612
1.247201
1.247420
1.242999
1.266022
1.266236
1.266381
1.266518
1.266659
1.266781
1.261785
1.272484
1.272715
1.273148
1.273953
1.274001
1.274266
1.274444
1.274572
1.274670
1.275196
1.275719
1.275936
1.276151
1.259642
1.276454
1.276626
1.276764
1.276897
1.277023
1.277219
1.277311
1.277437
1.277466
1.277729
1.277855
1.278038
1.278207
1.278352
1.278438
1.278561
1.278641
1.278716
1.278979
1.278945
1.279253
1.279337
1.279484
1.279663
1.279776
1.279964
1.280093
1.276610
1.280399
1.280745
1.280968
1.281079
1.281206
1.281381
1.281500
1.281670
1.281778
1.281947
1.282069
1.282157
1.313764
1.313639
1.319481
1.323299
1.324417
1.324846
1.324814
1.325175
1.325361
1.325380
1.325727
1.325891
1.325902
1.326048
1.326477
1.326932
1.327298
1.327267
1.327606
1.327581
1.327906
1.327884
1.328057
1.328192
1.342097
1.342564
1.342706
1.342834
1.342402
1.343177
1.343295
1.343434
1.343566
1.343224
1.343302
1.343416
1.343544
1.343664
1.343782
1.343898
1.344026
1.344150
1.344267
1.344460
1.344580
1.344661
1.344907
1.345027
1.345169
1.345286
1.345413
1.345533
1.345661
1.345768
1.345889
1.346591
1.346750
1.362737
1.363002
1.363146
1.363283
1.363409
1.353404
1.363722
1.363843
1.363967
1.364093
1.364214
1.364338
1.364465
1.354363
1.364743
1.364866
1.317676
1.320864
1.321010
1.321134
1.321269
1.365797
1.365922
1.366041
1.366727
1.366909
1.367039
1.367152
1.367383
1.367516
1.367689
1.332139
1.350967
1.338743
1.358453
1.324308
1.324441
1.323390
1.324236
1.324367
1.324484
1.324614
1.324743
1.325166
1.325297
1.325477
1.325612
1.325743
1.325863
1.385484
1.352728
1.381285
1.359951
1.352680
1.353331
1.353441
1.353549
1.353668
1.353770
1.353877
1.353104
1.353754
1.353860
1.353951
1.354042
1.354159
1.354299
1.354402
1.354511
1.354605
1.354710
1.354422
1.354522
1.354632
1.354758
1.354863
1.354954
1.355122
1.355231
1.355328
1.355433
1.355522
1.355626
1.355723
1.355505
1.355614
1.355943
1.356066
1.356184
1.356236
1.356321
1.356412
1.356500
1.356478
1.356546
1.392897
1.394632
1.368126
1.393262
1.368357
1.368534
1.368346
1.395265
1.395381
1.395505
1.395613
1.395708
1.395794
1.395874
1.395973
1.395994
1.396093
1.396184
1.396295
1.396396
1.396486
1.396584
1.396694
1.396781
1.396873
1.396961
1.396231
1.397170
1.397251
1.397343
1.397850
1.397982
1.398065
1.398166
1.398279
1.398368
1.398274
1.398378
1.398505
1.398593
1.398772
1.398876
1.398957
1.399017
1.399115
1.399208
1.399307
1.368278
1.399492
1.399601
1.399685
1.399790
1.399884
1.400023
1.401682
1.401798
1.401863
1.401231
1.401329
1.401410
1.401517
1.401611
1.401715
1.401805
1.401909
1.402002
1.402116
1.402252
1.372434
1.372608
1.417661
1.372180
1.371700
1.372392
1.371907
1.372015
1.405108
1.405204
1.405308
1.405408
1.378292
1.405132
1.405651
1.405748
1.405832
1.382261
1.409710
1.425638
1.425800
1.425889
1.425989
1.426085
1.426193
1.425640
1.426449
1.426678
1.426778
1.426921
1.403726
1.397905
1.398488
1.401258
