0.252618
0.252860
0.253031
0.253298
0.253479
0.253726
0.253867
0.254020
0.254149
0.253780
0.254510
0.254724
0.255062
0.255884
0.256133
0.255912
0.256030
0.256177
0.256336
0.256451
0.256585
0.256721
0.256876
0.171440
0.221820
0.256394
0.257478
0.257596
0.257765
0.257959
0.258120
0.258288
0.258393
0.258532
0.258680
0.258814
0.258928
0.259061
0.259206
0.259360
0.259486
0.259650
0.260287
0.260470
0.260464
0.260321
0.260841
0.260817
0.260984
0.262506
0.263265
0.270336
0.267946
0.270864
0.271099
0.271286
0.271419
0.271742
0.272171
0.272788
0.272931
0.273058
0.273660
0.273814
0.273900
0.274034
0.274157
0.274284
0.267094
0.272354
0.272489
0.272691
0.272892
0.273177
0.273340
0.273549
0.273771
0.273954
0.271440
0.268004
0.271742
0.271886
0.272108
0.253029
0.272466
0.272588
0.272701
0.272780
0.272895
0.273027
0.273150
0.273579
0.273697
0.273812
0.273435
0.273496
0.273609
0.273748
0.273882
0.274011
0.274148
0.274284
0.274477
0.274560
0.274666
0.274787
0.274936
0.275065
0.274604
0.275748
0.275934
0.276082
0.276182
0.276348
0.276589
0.276733
0.276831
0.277035
0.277217
0.277367
0.277520
0.277693
0.277823
0.277966
0.278131
0.278350
0.278484
0.278624
0.278765
0.278967
0.279151
0.279352
0.279472
0.271182
0.279634
0.278523
0.280054
0.280243
0.280473
0.280673
0.280825
0.280957
0.281085
0.281172
0.281306
0.281432
0.281699
0.281810
0.281953
0.282221
0.282373
0.282564
0.282707
0.282890
0.283095
0.283267
0.283418
0.283549
0.283603
0.283628
0.283804
0.283916
0.284048
0.284184
0.284315
0.284442
0.284150
0.284742
0.284827
0.284953
0.285095
0.285248
0.285360
0.285496
0.285691
0.285911
0.285821
0.257294
0.286415
0.257569
0.286683
0.287211
0.287613
0.287553
0.287910
0.287997
0.288146
0.288383
0.264958
0.288641
0.288799
0.288864
0.288984
0.289078
0.289169
0.289285
0.288894
0.289028
0.289149
0.289268
0.289367
0.284967
0.285070
0.285188
0.285657
0.285815
0.285926
0.286038
0.286132
0.286200
0.286321
0.286423
0.286538
0.286642
0.292523
0.292680
0.292793
0.292874
0.292977
0.293107
0.275907
0.275989
0.276086
0.276175
0.276271
0.276368
0.276471
0.276610
0.276790
0.276945
0.277144
0.277279
0.277423
0.277551
0.277751
0.277865
0.277983
0.295286
0.295515
0.295817
0.295949
0.296084
0.296262
0.296575
0.296708
0.296921
0.297080
0.297202
0.297367
0.297526
0.297701
0.297839
0.297968
0.298072
0.298186
0.298278
0.298389
0.298512
0.298627
0.298705
0.293341
0.298986
0.299094
0.299287
0.300126
0.300243
0.304823
0.303920
0.304039
0.304161
0.304295
0.304412
0.304514
0.304593
0.304725
0.304835
0.304946
0.305090
0.305212
0.305313
0.305408
0.305475
0.305599
0.305689
0.305799
0.305904
0.306023
0.306129
0.306247
0.306315
0.306440
0.306537
0.306686
0.306792
0.306905
0.307007
0.307125
0.307220
0.307334
0.307438
0.307553
0.307658
0.307766
0.302702
0.307994
0.307847
0.308647
0.308816
0.306911
0.309057
0.309214
0.309614
0.310055
0.310167
0.310257
0.310379
0.310496
0.310595
0.310709
0.310822
0.310942
0.311074
0.311148
0.311254
0.311356
0.311457
0.311572
0.311678
0.311788
0.311881
0.311999
0.312108
0.312219
0.312321
0.312435
0.312544
0.312687
0.312784
0.312861
0.312975
0.313087
0.313189
0.313294
0.310538
0.304175
0.310785
0.310891
0.310998
0.311103
0.311225
0.311331
0.311486
0.311598
0.310101
0.303415
0.303494
0.303578
0.303679
0.303783
0.303889
0.310995
0.304130
0.310671
0.311476
0.311584
0.311740
0.311846
0.311961
0.312059
0.312171
0.312190
0.312301
0.312399
0.312545
0.312696
0.312814
0.312933
0.313061
0.313166
0.313377
0.307095
0.307204
0.307269
0.315245
0.307509
0.306492
0.305797
0.306748
0.306823
0.306172
0.307044
0.306770
0.306868
0.306979
0.307087
0.307241
0.317011
0.317096
0.320121
0.320314
0.320362
0.310786
0.310938
0.311047
0.311098
0.311194
0.311309
0.311373
0.311420
0.311473
0.311648
0.311862
0.311941
0.312000
0.312053
0.312112
0.312171
0.312208
0.312267
0.312325
0.312400
0.312454
0.312519
0.312574
0.312658
0.315356
0.319496
0.321908
0.338691
0.346825
0.346993
0.350048
0.307645
0.307799
0.307858
0.307921
0.308039
0.308116
0.308362
0.308353
0.345768
0.309201
0.309245
0.309190
0.311433
0.310318
0.310249
0.310284
0.349215
0.349313
0.349517
0.349644
0.349743
0.349865
0.350013
0.350094
0.350169
0.350236
0.350301
0.350339
0.350366
0.350407
0.350461
0.350530
0.350609
0.350637
0.350681
0.350726
0.350751
0.351433
0.351201
0.351333
0.342202
0.350275
0.349777
0.350484
0.273102
0.301554
0.351133
0.351248
0.351364
0.351451
0.351593
0.351755
0.351898
0.352037
0.352056
0.352162
0.352256
0.352402
0.352500
0.375644
0.352656
0.353120
0.353168
0.353249
0.353497
0.353601
0.353546
0.353642
0.353332
0.353832
0.353937
0.354081
0.354162
0.354302
0.354341
0.354382
0.354455
0.354592
0.354697
0.354848
0.354906
0.354970
0.354990
0.355115
0.355165
0.355470
0.353270
0.355658
0.355673
0.355978
0.356121
0.356263
0.356409
0.356539
0.356649
0.356788
0.356882
0.356926
0.356979
0.357021
0.357070
0.357123
0.356058
0.356076
0.356119
0.356162
0.356174
0.356252
0.356386
0.356776
0.356820
0.349726
0.356903
0.356970
0.356982
0.357041
0.357098
0.357360
0.357502
0.357641
0.357760
0.357886
0.358006
0.358198
0.358319
0.358727
0.358803
0.358632
0.358920
0.358974
0.358967
0.359046
0.359169
0.359359
0.359545
0.359658
0.359792
0.359947
0.360031
0.360148
0.359805
0.359867
0.359906
0.359964
0.360008
0.360045
0.360097
0.360145
0.360195
0.360242
0.360288
0.360340
0.360381
0.360442
0.360986
0.361138
0.361244
0.361351
0.361395
0.361184
0.361531
0.361610
0.361637
0.361397
0.361402
0.361443
0.361507
0.361546
0.361609
0.361645
0.361764
0.362094
0.362195
0.362244
0.362272
0.362317
0.362361
0.361681
0.361704
0.361744
0.361784
0.361823
0.361865
0.361913
0.361927
0.362023
0.362160
0.362609
0.362730
0.362794
0.362940
0.363009
0.363127
0.363185
0.363310
0.360121
0.363518
0.363603
0.363767
0.362587
0.362709
0.362859
0.362958
0.363099
0.363273
0.363342
0.363076
0.363141
0.363204
0.387020
0.384887
0.387284
0.387440
0.387902
0.388262
0.388648
0.388994
0.389463
0.389956
0.390133
0.390268
0.390524
0.390546
0.390611
0.390806
0.390952
0.391158
0.391233
0.391402
0.391561
0.391756
0.391838
0.391949
0.388120
0.391721
0.391946
0.392385
0.396325
0.396789
0.397263
0.397436
0.397664
0.397777
0.397869
0.398101
0.398211
0.398315
0.398506
0.398598
0.391368
0.391569
0.391639
0.391855
0.391951
0.392160
0.392238
0.392321
0.392471
0.392533
0.392679
0.392745
0.392890
0.399931
0.400031
0.400176
0.400285
0.400419
0.400538
0.400671
0.400708
0.400816
0.400946
0.399130
0.401280
0.401454
0.401531
0.401755
0.401795
0.402321
0.402481
0.402521
0.402545
0.402651
0.402770
0.403096
0.403298
0.403402
0.401897
0.405171
0.405374
0.403758
0.403823
0.403857
0.403913
0.402638
0.402686
0.402739
0.402783
0.402840
0.402885
0.402932
0.403038
0.403469
0.403450
0.403490
0.403577
0.403705
0.403844
0.403978
0.404034
0.404089
0.404038
0.404078
0.404136
0.390068
0.406622
0.390174
0.390232
0.390286
0.390335
0.390376
0.390442
0.390500
0.390516
0.390645
0.391189
0.391533
0.391175
0.391803
0.391396
0.391458
0.406495
0.350752
0.371063
0.391728
0.387315
0.391841
0.391890
0.390711
0.390750
0.390799
0.390822
0.390924
0.391355
0.391552
0.391678
0.391744
0.391862
0.391948
0.390449
0.390620
0.390727
0.390806
0.353327
0.414235
0.391199
0.414483
0.414746
0.410190
0.370453
0.370757
0.370838
0.370966
0.371058
0.371230
0.371420
0.371454
0.371624
0.371781
0.371991
0.412253
0.392915
0.417208
0.412498
0.412547
0.412549
0.412586
0.412699
0.393794
0.392103
0.388938
0.388994
0.389039
0.389095
0.389136
0.389190
0.389220
0.389282
0.389316
0.389376
0.389445
0.389480
0.389527
0.389545
0.389597
0.389711
0.390094
0.390220
0.390288
0.390365
0.390451
0.390493
0.390546
0.390598
0.390650
0.390759
0.391329
0.391545
0.391658
0.391776
0.392258
0.392456
0.393353
0.393404
0.396156
0.396116
0.393570
0.393851
0.393918
0.394015
0.394149
0.394251
0.394386
0.394440
0.394504
0.394512
0.394533
0.394587
0.391063
0.394694
0.394740
0.394783
0.394845
0.394888
0.394904
0.394951
0.391615
0.395142
0.395677
0.395760
0.395902
0.395971
0.396090
0.396124
0.396165
0.396218
0.396269
0.396271
0.396398
0.396451
0.396478
0.396532
0.396567
0.396616
0.396673
0.396711
0.396828
0.397182
0.397406
0.397430
0.397449
0.426679
0.396881
0.396094
0.396201
0.396457
0.396556
0.396651
0.396714
0.396770
0.396820
0.396885
0.396944
0.397000
0.397044
0.397079
0.397111
0.397168
0.397212
0.397258
0.397309
0.397352
0.397406
0.397513
0.397805
0.397842
0.397930
0.398132
0.398196
0.398226
0.398281
0.398338
0.398379
0.398433
0.398483
0.398456
0.398507
0.398549
0.398604
0.405830
0.405826
0.398791
0.398933
0.399268
0.399394
0.399426
0.399479
0.399546
0.399678
0.399762
0.399889
0.399950
0.400128
0.400726
0.399959
0.401777
0.402228
0.402344
0.402563
0.402682
0.402818
0.403071
0.403110
0.403198
0.403307
0.403362
0.403410
0.403459
0.403509
0.414800
0.414026
0.414063
0.414120
0.414129
0.414241
0.412254
0.439968
0.440067
0.440182
0.440300
0.440364
0.440492
0.440898
0.437929
0.438066
0.438162
0.438298
0.438374
0.438543
0.438642
0.433733
0.432677
0.434133
0.434262
0.434296
0.434425
0.434498
0.432482
0.441145
0.441317
0.441390
0.441845
0.441956
0.439565
0.442206
0.439674
0.439774
0.439896
0.439962
0.436954
0.413314
0.435725
0.435852
0.435930
0.436144
0.397878
0.441481
0.441583
0.441792
0.441899
0.403480
0.403773
0.403884
0.404008
0.404136
0.404239
0.404388
0.404521
0.404655
0.404723
0.404852
0.405313
0.405391
0.405465
0.405540
0.397398
0.406911
0.406877
0.406931
0.366195
0.406933
0.405749
0.405810
0.405913
0.405974
0.389113
0.389180
0.389293
0.389412
0.389471
0.389600
0.389692
0.389761
0.389890
0.390010
0.408135
0.408090
0.408011
0.368185
0.408069
0.405730
0.405789
0.405914
0.406042
0.406111
0.405300
0.406340
0.406432
0.406469
0.414822
0.406794
0.405994
0.406068
0.406185
0.406179
0.406262
0.406372
0.406657
0.406710
0.406776
0.406904
0.406951
0.407036
0.407081
0.407145
0.407203
0.407194
0.407254
0.407275
0.407314
0.414811
0.404427
0.408712
0.408644
0.408498
0.408396
0.429715
0.429760
0.429785
0.429852
0.429882
0.429959
0.429979
0.430046
0.430073
0.430193
0.430234
0.430285
0.430333
0.430748
0.430861
0.430939
0.430965
0.431021
0.431079
0.431120
0.431185
0.430555
0.430969
0.431079
0.431154
0.431181
0.429916
0.429977
0.431422
0.431533
0.431685
0.425455
0.432237
0.400148
0.431044
0.431112
0.437790
0.437819
0.437805
0.437829
0.431431
0.437959
0.438015
0.438133
0.438524
0.438658
0.438723
0.437568
0.437685
0.437766
0.437899
0.438032
0.438096
0.438199
0.433542
0.428341
0.428471
0.428602
0.428675
0.428792
0.428888
0.428981
0.429107
0.429182
0.429311
0.429435
0.429564
0.429652
0.429746
0.429838
0.429919
0.430031
0.440722
0.440859
0.440928
0.441066
0.441657
0.437367
0.442231
0.442305
0.442440
0.442559
0.442636
0.442755
0.442892
0.442960
0.443090
0.443150
0.443260
0.443319
0.443475
0.443535
0.443664
0.439411
0.443867
0.443922
0.443232
0.443911
0.444364
0.444761
0.441814
0.445576
0.446358
0.446451
0.446638
0.446693
0.446808
0.446942
0.447076
0.447181
0.447299
0.447380
0.447505
0.447591
0.446201
0.447830
0.447943
0.448067
0.448137
0.444217
0.448383
0.447074
0.447172
0.447323
0.447400
0.445050
0.447720
0.447816
0.448052
0.448176
0.448311
0.448408
0.443222
0.443306
0.437502
0.386869
0.436542
0.419823
0.433780
0.436855
0.437828
0.438532
0.441471
0.442830
0.404263
0.438112
0.407698
0.444608
0.436680
0.442871
0.442481
0.431906
0.430697
0.430596
0.403790
0.434372
0.437579
0.436203
0.443921
0.403758
0.403971
0.405913
