0.846509
0.828673
0.828793
0.829655
0.830117
0.863923
0.864125
0.855371
0.856295
0.857615
0.865080
0.867349
0.881296
0.884387
0.885555
0.871791
0.872743
0.873855
0.877259
0.878895
0.878951
0.879272
0.881872
0.882056
0.882046
0.880177
0.899631
0.881525
0.881995
0.882380
0.882533
0.898153
0.901683
0.897609
0.902116
0.902142
0.901865
0.901532
0.903314
0.903726
0.904213
0.904457
0.904813
0.905017
0.902927
0.905142
0.905406
0.905463
0.905639
0.905837
0.909662
0.915008
0.915912
0.916406
0.916740
0.916970
0.917141
0.917250
0.917415
0.917561
0.917691
0.917812
0.917959
0.918080
0.918216
0.915000
0.918477
0.919604
0.920197
0.917332
0.921025
0.921060
0.921829
0.924972
0.925420
0.925552
0.925767
0.925808
0.925937
0.926083
0.926214
0.926348
0.926438
0.927085
0.927426
0.928014
0.928459
0.928630
0.928771
0.928906
0.928991
0.929105
0.929229
0.929385
0.929485
0.929611
0.929746
0.929594
0.929949
0.930261
0.930499
0.930806
0.931121
0.933154
0.934051
0.934918
0.936541
0.936630
0.936668
0.935524
0.935531
0.935505
0.935496
0.938166
0.937362
0.938798
0.939206
0.923310
0.939394
0.939674
0.939810
0.939960
0.940081
0.940227
0.940357
0.940466
0.940623
0.941169
0.941164
0.941628
0.942256
0.942662
0.942825
0.942943
0.943062
0.943178
0.943257
0.943354
0.943526
0.943623
0.943808
0.943905
0.944077
0.944245
0.944625
0.944711
0.945235
0.945516
0.945791
0.946029
0.946588
0.946839
0.944038
0.942348
0.948362
0.948713
0.949000
0.949267
0.949552
0.949881
0.950059
0.950402
0.950590
0.948960
0.937115
0.949236
0.949335
0.949466
0.952544
0.953579
0.953708
0.953798
0.953817
0.954717
0.955048
0.955580
0.969425
0.971125
0.971470
0.971763
0.971926
0.972126
0.972272
0.972392
0.972547
0.972722
0.973100
0.973248
0.973297
0.973844
0.974171
0.974459
0.975283
0.975441
0.975539
0.975734
0.975849
0.976015
0.976378
0.976420
0.976528
0.976639
0.976776
0.976910
0.977606
0.977906
0.978181
0.978464
0.978778
0.978925
0.979004
0.979126
0.979321
0.979489
0.979591
0.979762
0.979875
0.979997
0.980202
0.980338
0.982931
0.983455
0.983931
0.984138
0.984299
0.984719
0.985037
0.985307
0.985572
0.985928
0.986043
0.984744
0.986312
0.986443
0.986136
0.986575
0.986673
0.985914
0.975877
0.976058
0.976018
0.976173
0.976280
0.976849
0.977123
0.977391
0.977725
0.977994
0.977986
0.976003
0.978411
0.978501
0.978624
0.969704
0.978953
0.979078
0.979183
0.979351
0.979370
0.979692
0.979798
0.979961
0.980568
0.980844
0.977528
0.981443
0.981629
0.981757
0.969587
0.982040
0.982565
0.982726
0.982869
0.983022
0.981482
0.983320
0.983445
0.983561
0.983670
0.982555
0.984626
0.983240
0.983525
0.983739
0.984192
0.984441
0.984464
0.984485
0.984597
0.983675
0.983814
0.983929
0.984029
0.984202
0.984301
0.984621
0.984907
0.988615
0.988935
0.989217
0.989443
0.987183
0.990221
0.990298
0.991125
0.994586
0.991543
0.991719
0.991817
0.988464
0.992152
0.993154
0.993593
0.993891
0.990653
0.990770
0.990857
0.991034
0.991789
0.991792
0.991921
0.992050
0.992156
0.992311
0.992414
0.993095
0.993372
0.993616
0.993911
0.994639
0.995077
0.995800
0.995886
0.996363
0.996673
0.997893
0.997538
0.998410
0.998527
0.998749
0.998864
0.999000
0.999130
0.999259
1.001928
1.002241
1.002369
1.002600
1.002705
1.002796
1.002964
1.003144
1.005866
1.006073
1.006194
1.006327
1.006467
1.006565
1.006676
1.006780
1.006920
1.007039
1.007183
1.007296
1.007379
1.007710
1.013615
1.015705
1.024416
1.024526
1.024634
1.024900
1.025870
1.026044
1.028680
1.031231
1.032065
1.032140
1.032421
1.032498
1.032544
1.032803
1.035109
1.035333
1.035466
1.035588
1.035725
1.035779
1.037180
1.037646
1.037896
1.038312
1.038473
1.038606
1.038762
1.039101
1.039232
1.039270
1.039817
1.039961
1.040081
1.039554
1.040297
1.040568
1.041831
1.040519
1.040758
1.040909
1.040960
1.041052
1.041118
1.041758
1.041369
1.041543
1.041002
1.041086
1.035606
1.041264
1.041324
1.034016
1.035921
1.035991
1.036127
1.036493
1.036856
1.037010
1.037059
1.037129
1.037182
1.037244
1.037307
1.037437
1.037607
1.037708
1.037792
1.037891
1.037978
1.038077
1.038161
1.042715
1.043747
1.043901
1.044027
1.044140
1.044330
1.044469
1.046516
1.049419
1.049916
1.050003
1.050144
1.050272
1.050363
1.051030
1.051202
1.051325
1.051930
1.052060
1.052201
1.052311
1.052451
1.053201
1.053722
1.053819
1.053850
1.054071
1.054166
1.054274
1.054367
1.054452
1.054546
1.054647
1.054765
1.054911
1.055501
1.055651
1.056663
1.057239
1.060157
1.060863
1.061053
1.062008
1.062144
1.062262
1.062388
1.062512
1.062641
1.062790
1.063227
1.063960
1.064092
1.064776
1.064324
1.065092
1.065476
1.065637
1.065746
1.065836
1.065917
1.065947
1.066040
1.066048
1.066139
1.066140
1.066751
1.066962
1.067661
1.067738
1.067608
1.067652
1.067734
1.067781
1.067856
1.067893
1.067985
1.068024
1.068103
1.068282
1.068586
1.068619
1.068738
1.068382
1.068553
1.068600
1.068756
1.068873
1.068929
1.069341
1.069333
1.069322
1.069355
1.069429
1.069476
1.069520
1.069605
1.075284
1.075454
1.070603
1.070686
1.070109
1.071861
1.071954
1.072119
1.072293
1.072439
1.072466
1.072201
1.072286
1.076917
1.072463
1.071955
1.082097
1.082221
1.081646
1.081762
1.082229
1.082142
1.082254
1.082750
1.082925
1.083215
1.084418
1.084140
