1.021446
1.011136
1.027701
1.025196
1.012106
1.022498
1.023180
1.029919
1.030001
1.017840
1.017960
1.031008
1.031149
1.018287
1.031454
1.031371
1.031586
1.031643
1.031758
1.032525
1.032908
1.026019
1.033141
1.026064
1.020942
1.026166
1.021129
1.026447
1.026459
1.029222
1.029659
1.029764
1.029776
1.029778
1.029922
1.030165
1.030173
1.030215
1.030501
1.030596
1.030735
1.030853
1.030964
1.031077
1.031268
1.031339
1.031441
1.031565
1.031656
1.031834
1.032000
1.032132
1.031848
1.032553
1.032566
1.032777
1.033136
1.033161
1.033260
1.033405
1.032769
1.032794
1.032882
1.030762
1.033054
1.033231
1.033404
1.033467
1.033600
1.033730
1.033854
1.034025
1.034175
1.034311
1.034451
1.034541
1.034905
1.035078
1.035167
1.035586
1.035834
1.036167
1.036333
1.037233
1.037603
1.037839
1.037550
1.038252
1.037987
1.038119
1.038223
1.038707
1.039058
1.039356
1.039491
1.039629
1.039709
1.039920
1.040018
1.040169
1.040301
1.040405
1.040572
1.040681
1.040854
1.040930
1.035996
1.041253
1.041428
1.041542
1.041676
1.041802
1.042116
1.042859
1.043298
1.043644
1.044183
1.044529
1.044875
1.045167
1.040483
1.045538
1.046031
1.045995
1.046233
1.046264
1.046417
1.046214
1.046337
1.046464
1.046627
1.044627
1.046903
1.047041
1.047132
1.047163
1.047145
1.047432
1.047578
1.047705
1.047820
1.045934
1.048062
1.048145
1.048297
1.048589
1.048789
1.049122
1.049255
1.049661
1.047403
1.049989
1.050107
1.050258
1.050392
1.050533
1.050641
1.050760
1.047501
1.052369
1.048861
1.047893
1.051380
1.048153
1.051640
1.051760
1.051856
1.052035
1.052111
1.052285
1.052394
1.052558
1.052661
1.052862
1.053362
1.053488
1.053690
1.053802
1.053935
1.053003
1.054480
1.054592
1.054940
1.054967
1.055170
1.055357
1.055550
1.055690
1.055906
1.056013
1.056032
1.056309
1.056461
1.056569
1.056708
1.056835
1.056956
1.057079
1.057200
1.057372
1.057490
1.057615
1.057739
1.058103
1.055613
1.056012
1.056167
1.056280
1.056420
1.062169
