0.440556
0.435667
0.436195
0.442103
0.355364
0.444546
0.443833
0.438645
0.442727
0.439288
0.443151
0.439487
0.439617
0.439755
0.443772
0.441664
0.441903
0.441960
0.442048
0.442150
0.442226
0.442309
0.442385
0.442493
0.445411
0.442695
0.442881
0.446040
0.446138
0.446280
0.446430
0.446561
0.446666
0.446799
0.446918
0.440712
0.447227
0.447287
0.447403
0.444779
0.447558
0.444937
0.444200
0.447854
0.448001
0.445573
0.448534
0.445994
0.448818
0.446258
0.449017
0.446471
0.449288
0.446698
0.449562
0.446903
0.449738
0.447046
0.449888
0.447216
0.450132
0.447667
0.450528
0.450590
0.447911
0.448015
0.448103
0.448160
0.448189
0.448308
0.448413
0.448507
0.448600
0.448703
0.448788
0.448819
0.449012
0.449260
0.449105
0.449212
0.449655
0.449448
0.449868
0.449405
0.448902
0.449439
0.449498
0.449587
0.449714
0.449836
0.450086
0.450186
0.450293
0.450330
0.450413
0.450500
0.450603
0.450705
0.450823
0.450884
0.450907
0.451028
0.451094
0.451224
0.451969
0.452071
0.452140
0.452275
0.452385
0.452495
0.452548
0.452643
0.452701
0.452784
0.452824
0.452737
0.452986
0.453035
0.453112
0.453274
0.453623
0.453757
0.453853
0.452776
0.453992
0.454001
0.454073
0.454150
0.454208
0.454275
0.454350
0.454397
0.454497
0.454554
0.454714
0.455058
0.455502
0.455554
0.455626
0.455668
0.455762
0.455841
0.455920
0.455993
0.456071
0.456011
0.456068
0.456216
0.457598
0.458125
0.458903
0.458980
0.459046
0.459149
0.459245
0.459290
0.459362
0.459462
0.459573
0.457056
0.454642
0.453661
0.446465
0.453804
0.455230
0.455430
0.454828
0.454895
0.454985
0.455174
0.455845
0.455998
0.456083
0.456149
0.456233
0.456243
0.456329
0.456418
0.456512
0.456663
0.456759
0.457553
0.457729
0.457772
0.457833
0.460879
0.460895
0.461016
0.461094
0.461173
0.461241
0.461327
0.461375
0.461467
0.461545
0.461629
0.461814
0.462215
0.462288
0.462273
0.462525
0.462628
0.462728
0.462796
0.462870
0.463236
0.462729
0.463541
0.463647
0.463747
0.463851
0.463954
0.464567
0.464709
0.464814
0.464927
0.464939
0.465047
0.465179
0.465689
0.465801
0.465927
0.466008
0.410777
0.466201
0.466220
0.466295
0.466911
0.466948
0.467031
0.467118
0.467181
0.464535
0.467366
0.467448
0.467528
0.467617
0.467690
0.467767
0.467848
0.467902
0.467971
0.468116
0.468445
0.468511
0.468600
0.468661
0.468748
0.468788
0.468179
0.468235
0.468306
0.468371
0.468439
0.468516
0.468605
0.468646
0.468816
0.469164
0.469301
0.469418
0.469502
0.469613
0.469719
0.469783
0.469876
0.469952
0.470032
0.470114
0.470174
0.470241
0.470317
0.470455
0.470807
0.470875
0.470968
0.471038
0.471126
0.471199
0.471816
0.471865
0.471936
0.472028
0.472129
0.472244
0.469209
0.478605
0.478809
0.479661
0.479737
0.479794
0.479902
0.480005
0.480081
0.480156
0.480252
0.480316
0.480400
0.411800
0.480547
0.411945
0.412007
0.412106
0.412749
0.412993
0.412986
0.412977
0.481498
0.481591
0.481651
0.481739
0.481794
0.481876
0.481948
0.482028
0.482103
0.482180
0.480021
0.413667
0.482764
0.482820
0.482907
0.482982
0.483058
0.483133
0.483222
0.483290
0.483368
0.483414
0.483500
0.483575
0.483661
0.483730
0.484257
0.484321
0.484400
0.484457
0.485050
0.485150
0.485244
0.485322
0.485410
0.485483
0.485571
0.485615
0.485697
0.484272
0.485864
0.485940
0.486636
0.487125
0.487288
0.487402
0.487441
0.487577
0.487686
0.487840
0.487962
0.488096
0.488221
0.488369
0.488555
0.425937
0.473404
0.426898
0.466196
0.490008
0.464444
0.427554
0.427700
0.427840
0.427961
0.422869
0.428876
0.412613
0.428968
0.412873
0.474414
0.470598
0.468775
0.468918
0.469153
0.469302
0.469433
0.469566
0.470899
0.471036
0.493828
0.471369
0.494072
0.494176
0.494285
0.494377
0.494475
0.494606
0.494678
0.494775
0.494846
0.494924
0.494971
0.495088
0.495198
0.495296
0.495398
0.495474
0.495559
0.495641
0.473611
0.495791
0.495865
0.495949
0.483308
0.496140
0.485629
0.429839
0.484370
0.460114
0.460195
0.460267
0.484701
0.484739
0.484811
0.484895
0.484500
0.484595
0.484674
0.485287
0.485365
0.485456
0.485531
0.485610
0.485263
0.485763
0.485845
0.485899
0.485993
0.486065
0.486030
0.485968
0.486050
0.486309
0.486389
0.441982
0.442091
0.442170
0.442253
0.442330
0.442387
0.442452
0.487060
0.487120
0.487005
0.442842
0.487191
0.442997
0.442995
0.487632
0.488961
0.489959
0.490152
0.490581
0.490782
0.491234
0.491339
0.491475
0.491555
0.491626
0.491169
0.483210
0.491780
0.491865
0.491955
0.492027
0.492100
0.492185
0.492292
0.490818
0.491686
0.492629
0.491200
0.492934
0.493028
0.492356
0.492469
0.492582
0.492700
0.492806
0.492904
0.493047
0.493179
0.493221
0.493376
0.493437
0.493524
0.493595
0.493660
0.493734
0.493820
0.493888
0.493946
0.494023
0.494106
0.494155
0.494254
0.494350
0.494161
0.494271
0.494373
0.494477
0.488355
0.494725
0.498966
0.497407
0.499157
0.498072
0.497776
0.497864
0.497999
0.499824
0.498681
0.498860
0.498977
0.499036
0.499759
0.502882
0.503693
0.503202
0.503330
0.503457
0.503589
0.503703
0.503827
0.503949
0.504096
0.503141
0.503257
0.503488
0.506107
0.505110
0.505169
0.505267
0.505301
0.505373
0.505437
0.505539
0.505612
0.505689
0.505755
0.505859
0.505956
0.506067
0.506131
0.506166
0.506237
0.506296
0.506358
0.506415
0.506476
0.506189
0.506041
0.506078
0.506129
0.467941
0.506384
0.506433
0.506514
0.506588
0.506701
0.506788
0.506873
0.506966
0.507069
0.507139
0.507239
0.507352
0.507400
0.507499
0.507604
0.507702
0.507770
0.507865
0.507931
0.508031
0.508117
0.508214
0.508272
0.508348
0.508422
0.506208
0.508605
0.508631
0.508704
0.509256
0.508698
0.508796
0.452207
0.463512
0.509092
0.509163
0.509060
0.509341
0.509376
0.509445
0.509509
0.509588
0.509619
0.509724
0.509845
0.509968
0.510073
0.510190
0.510286
0.510442
0.510548
0.510693
0.510789
0.510889
0.510983
0.511091
0.511182
0.511283
0.511348
0.511451
0.511520
0.511569
0.511644
0.511723
0.511790
0.511618
0.511677
0.511769
0.511852
0.511886
0.511958
0.512022
0.512132
0.512211
0.512279
0.512319
0.512396
0.512937
0.508961
0.509024
0.509116
0.509172
0.508543
0.506788
0.512969
0.513040
0.513097
0.512929
0.512995
0.513072
0.513193
0.513249
0.513336
0.513459
0.513120
0.513222
0.512853
0.513379
0.513472
0.513585
0.513907
0.513998
0.514095
0.514221
0.514251
0.514371
0.514815
0.514940
0.515040
0.515160
0.515005
0.515136
0.515178
0.515282
0.515382
0.515494
0.515561
0.515631
0.515673
0.515778
0.515884
0.515983
0.516129
0.516281
0.516438
0.516562
0.516611
0.516709
0.516814
0.516915
0.517032
0.517146
0.517059
0.517383
0.517432
0.517606
0.517499
0.517554
0.517644
0.517770
0.517806
0.517912
0.518023
0.518073
0.518150
0.518262
0.518306
0.518397
0.518495
0.518524
0.518618
0.518648
0.518728
0.518804
0.518854
0.518925
0.518972
0.519055
0.519857
0.518308
0.518397
0.520905
0.496411
0.515430
0.521313
0.521358
0.521453
0.514503
0.514593
0.521677
0.514755
0.514864
0.521963
0.514379
0.515159
0.521702
0.522415
0.522526
0.522648
0.522696
0.522793
0.522898
0.522467
0.523133
0.522725
0.522837
0.522883
0.522428
0.523116
0.516903
0.516946
0.517051
0.517166
0.517208
0.517315
0.517431
0.517468
0.517571
0.517689
0.517796
0.517847
0.517938
0.524618
0.524724
0.524826
0.524932
0.524985
0.525077
0.524761
0.524872
0.524917
0.525012
0.525117
0.525182
0.519362
0.525343
0.525477
0.525638
0.525729
0.525770
0.499558
0.521023
0.520378
0.520489
0.520934
0.521045
0.521169
0.521214
0.521306
0.521397
0.521514
0.521552
0.521669
0.521782
0.521836
0.521768
0.521879
0.525674
0.525751
0.525784
0.525235
0.525927
0.528358
0.528458
0.528521
0.528556
0.528621
0.528717
0.528759
0.528716
0.527333
0.527152
0.528784
0.529433
0.529486
0.529585
0.529701
0.529744
0.529851
0.529967
0.530008
0.530113
0.530166
0.530242
0.530352
0.530462
0.530543
0.530600
0.530676
0.530792
0.529118
0.530952
0.531042
0.531157
0.531200
0.531301
0.531420
0.531456
0.531556
0.531659
0.531744
0.531787
0.531865
0.500699
0.500671
0.497496
0.497584
0.497628
0.532389
0.532453
0.532507
0.532582
0.532701
0.532803
0.532930
0.532972
0.533078
0.533118
0.533204
0.533308
0.533429
0.533448
0.532684
0.533669
0.533796
0.533837
0.533911
0.533949
0.534052
0.534162
0.534231
0.534276
0.534383
0.534513
0.534654
0.533918
0.534819
0.534920
0.535052
0.535089
0.535196
0.535310
0.535357
0.535454
0.535567
0.535664
0.535101
0.535179
0.535241
0.535324
0.535250
0.535566
0.535465
0.535499
0.535139
0.535730
0.532773
0.535455
0.531568
0.503120
0.508483
0.535750
0.535855
0.535955
0.536020
0.536105
0.536215
0.536326
0.536400
0.536426
0.536523
0.536568
0.536680
0.536785
0.536862
0.536900
0.537006
0.537113
0.537200
0.537237
0.537324
0.537367
0.537441
0.534085
0.537717
0.537708
0.537562
0.537949
0.535946
0.538111
0.537967
0.538362
0.538162
0.538581
0.538487
0.538838
0.538645
0.538993
0.538868
0.535838
0.539308
0.539405
0.539234
0.539566
0.539443
0.539797
0.539242
0.539957
0.539455
0.540121
0.539621
0.540346
0.539873
0.540093
0.540783
0.540263
0.540300
0.540412
0.540518
0.540636
0.540680
0.540777
0.540873
0.539932
0.541062
0.541455
0.541587
0.514386
0.541776
0.541857
0.541969
0.542080
0.542130
0.542216
0.542337
0.542387
0.542483
0.542581
0.542696
0.542800
0.542909
0.542951
0.542271
0.542388
0.542423
0.542517
0.542627
0.542674
0.542765
0.542871
0.542984
0.543051
0.543116
0.543161
0.543251
0.543374
0.543407
0.543504
0.542548
0.543679
0.543783
0.543855
0.543873
0.543970
0.544097
0.550704
0.550823
0.550677
0.561956
0.562069
0.562104
0.562229
0.562375
0.561708
0.562767
0.562174
0.563115
0.563285
0.563381
0.563428
0.563480
0.562855
0.550123
0.550936
0.550392
0.550507
0.550631
0.551181
0.551337
0.551847
0.569386
0.552412
0.553284
0.553515
0.553683
0.553828
0.553975
0.554131
0.554294
0.554444
0.554715
0.550098
0.554547
0.570568
0.573700
0.573864
0.574059
0.574206
0.574251
0.556031
0.556242
0.556289
0.556375
0.556526
0.556600
0.556644
0.556734
0.556772
0.556869
0.557130
0.557261
0.557335
0.557415
0.557452
0.557538
0.576321
0.557685
0.576446
0.557841
0.557881
0.576803
0.576947
0.577114
0.577203
0.577356
0.577667
0.577897
0.578085
0.578278
0.578402
0.559900
0.559203
0.559236
0.559348
0.578925
0.559597
0.579145
0.559756
0.579278
0.559872
0.559935
0.559998
0.579672
0.579798
0.560433
0.557759
0.580100
0.551057
0.560693
0.558618
0.558124
0.558156
0.558216
0.531576
0.558345
0.531679
0.580857
0.558561
0.558691
0.552533
0.532379
0.532439
0.552737
0.538261
0.536599
0.532719
0.593428
0.559804
0.553512
0.539018
0.559393
0.562563
0.562655
0.535966
0.562787
0.540037
0.536366
0.539652
0.540285
0.539756
0.539977
0.540286
0.540414
0.540544
0.561853
0.540716
0.540791
0.540933
0.541343
0.541384
0.541445
0.541506
0.541535
0.541601
0.541731
0.541814
0.541875
0.541909
0.541969
0.542027
0.542069
0.542133
0.542183
0.542086
0.542324
0.542174
0.542454
0.542469
0.543026
0.542891
0.543184
0.543199
0.543335
0.543625
0.543665
0.548107
0.545911
0.546047
0.546131
0.546211
0.546264
0.546373
0.546443
0.546505
0.546646
0.546617
0.570495
0.572178
0.609232
0.609362
0.626344
0.609404
0.613083
