0.115667
0.408223
0.399527
0.495869
0.506012
0.592799
0.631709
0.634500
0.638811
0.624612
0.639863
0.640185
0.640602
0.640796
0.640928
0.641033
0.641175
0.641295
0.641430
0.641595
0.641597
0.582583
0.643600
0.641090
0.603877
0.604006
0.604092
0.642898
0.642971
0.643109
0.643222
0.643341
0.643402
0.643157
0.643322
0.643021
0.643137
0.643269
0.643391
0.643517
0.643773
0.643973
0.644185
0.644400
0.644625
0.645176
0.645514
0.645652
0.645816
0.645927
0.646052
0.646176
0.646291
0.643358
0.646576
0.646695
0.646824
0.646865
0.647008
0.647724
0.671232
0.671430
0.671558
0.671700
0.671764
0.671426
0.671502
0.671598
0.671703
0.671829
0.671941
0.672053
0.672157
0.672266
0.672326
0.672445
0.672540
0.672844
0.673249
0.673354
0.673461
0.673549
0.673611
0.673710
0.673802
0.673902
0.674011
0.674101
0.674216
0.674302
0.674374
0.674462
0.618444
0.674683
0.674763
0.674310
0.674397
0.674484
0.674563
0.674643
0.674722
0.674818
0.675155
0.676761
0.676914
0.677019
0.677088
0.677253
0.677329
0.677420
0.677897
0.649848
0.678152
0.678237
0.678351
0.678411
0.677328
0.678413
0.678517
0.678615
0.678717
0.678812
0.678892
0.624503
0.679127
0.679223
0.679301
0.679380
0.679481
0.679577
0.679690
0.685279
0.685549
0.685707
0.685879
0.686033
0.686310
0.686447
0.686595
0.686718
0.686896
0.687031
0.687180
0.687314
0.687429
0.687525
0.687643
0.687683
0.687803
0.687791
0.688037
0.688177
0.688255
0.688332
0.688335
0.689201
0.689337
0.689478
0.689045
0.689141
0.689311
0.689676
0.689850
0.689989
0.690119
0.690456
0.690630
0.690160
0.690275
0.690280
0.690405
0.690527
0.690649
0.690743
0.690844
0.690971
0.691117
0.691261
0.646177
0.691576
0.644042
0.691825
0.691913
0.685089
0.692116
0.640538
0.692327
0.692484
0.692556
0.692668
0.648296
0.645492
0.646706
0.693259
0.693366
0.693487
0.691212
0.693700
0.692557
0.696399
0.696287
0.696132
0.696228
0.696329
0.696410
0.696522
0.696638
0.696728
0.696847
0.696981
0.697056
0.697142
0.690660
0.697313
0.697399
0.697492
0.697586
0.697673
0.697776
0.697877
0.697946
0.698049
0.698168
0.698278
0.698408
0.698490
0.698613
0.698700
0.698789
0.698871
0.698987
0.705979
0.706112
0.706226
0.706340
0.706438
0.706551
0.706617
0.706733
0.706848
0.706932
0.707030
0.707109
0.707388
0.706629
0.706801
0.706856
0.707045
0.707084
0.707176
0.706151
0.706253
0.706351
0.704912
0.705000
0.705086
0.705180
0.705264
0.705327
0.705423
0.705525
0.705951
0.706066
0.706169
0.706279
0.706377
0.706485
0.706579
0.706712
0.706790
0.706872
0.706951
0.685171
0.709243
0.709344
0.709454
0.709525
0.709615
0.709712
0.709822
0.710537
0.710659
0.710797
0.710881
0.710932
0.711038
0.711128
0.711234
0.711391
0.711808
0.711935
0.712041
0.712098
0.711203
0.712326
0.712433
0.712523
0.712666
0.712745
0.712824
0.712884
0.712970
0.713072
0.711616
0.713280
0.713388
0.713806
0.713874
0.713980
0.714091
0.714190
0.714294
0.714422
0.714479
0.714572
0.714667
0.714762
0.714861
0.714953
0.715056
0.715156
0.715254
0.715348
0.715444
0.715545
0.715659
0.715772
0.715866
0.715941
0.716030
0.716107
0.712218
0.711196
0.712359
0.712441
0.712552
0.712567
0.712676
0.712698
0.712798
0.712889
0.713026
0.713150
0.713269
0.713373
0.713565
0.713699
0.713804
0.714138
0.714318
0.718079
0.718250
0.718338
0.718450
0.718570
0.718665
0.718806
0.718892
0.718984
0.719059
0.719143
0.719243
0.719346
0.719447
0.719573
0.719680
0.719786
0.719880
0.719974
0.720075
0.721137
0.721477
0.721598
0.721710
0.721816
0.721910
0.721945
0.721396
0.722166
0.722278
0.722387
0.722498
0.722590
0.722694
0.722805
0.722951
0.723049
0.723210
0.723429
0.723618
0.724296
0.724549
0.724676
0.724829
0.724920
0.725033
0.725128
0.725239
0.725337
0.725494
0.725665
0.725881
0.725975
0.726065
0.726166
0.725279
0.726400
0.768976
0.745714
0.746627
0.750026
0.752865
0.755754
0.757583
0.763371
0.764534
0.769674
0.774184
0.777875
0.777923
0.778018
0.778059
0.778112
0.778199
0.778249
0.778329
0.778376
0.778424
0.778404
0.778443
0.778647
0.778831
0.778997
0.779171
0.779887
0.780188
0.780360
0.780747
0.781028
0.781166
0.781268
0.781288
0.781390
0.781411
0.781485
0.781521
0.781592
0.781642
0.781736
0.781765
0.781867
0.781576
0.782018
0.782063
0.782144
0.782192
0.782246
0.782293
0.782388
0.782425
0.782523
0.782593
0.782605
0.782695
0.796841
0.782769
0.782863
0.782894
0.783055
0.783069
0.783118
0.783152
0.783218
0.783260
0.783392
0.783510
0.783716
0.783930
0.783855
0.784233
0.788041
0.788186
0.788308
0.788379
0.788556
0.788676
0.780873
0.789056
0.789199
0.789355
0.789496
0.789653
0.789802
0.789956
0.790097
0.790247
0.790453
0.784773
0.724436
0.724624
0.724969
0.790035
0.725135
0.725837
0.725742
0.725631
0.725521
0.790540
0.788388
0.790681
0.790737
0.790790
0.790801
0.790891
0.790924
0.791069
0.791205
0.791404
0.791441
0.791550
0.791620
0.791681
0.791739
0.791795
0.791853
0.791911
0.779012
0.786500
0.786043
0.786171
0.786346
0.786508
0.786668
0.786832
0.787078
0.787237
0.787401
0.787634
0.787847
0.788005
0.788164
0.788202
0.788287
0.788325
0.787470
0.788483
0.788533
0.788592
0.788616
0.788690
0.788743
0.788824
0.788857
0.788950
0.788951
0.789052
0.789088
0.788551
0.788584
0.788682
0.788701
0.788779
0.788818
0.788923
0.788967
0.789057
0.789094
0.789197
0.789194
0.789291
0.789321
0.747315
0.789490
0.789555
0.765958
0.789712
0.789800
0.789809
0.789880
0.789944
0.789970
0.790067
0.790121
0.790180
0.790225
0.790255
0.790296
0.790380
0.790433
0.790457
0.787861
0.790584
0.790629
0.790683
0.790720
0.790822
0.790936
0.791096
0.791200
0.791288
0.791329
0.768464
0.768528
0.750000
0.789311
0.750123
0.750202
0.750254
0.798171
0.798176
0.798258
0.798287
0.798386
0.798476
0.798633
0.798718
0.798773
0.798792
0.798871
0.798909
0.798950
0.799030
0.799058
0.799148
0.799162
0.799222
0.799287
0.799170
0.799266
0.799312
0.799377
0.799439
0.799487
0.799561
0.799604
0.799664
0.799729
0.799763
0.799865
0.799896
0.799971
0.800010
0.800095
0.800137
0.800222
0.800237
0.799424
0.800422
0.800463
0.800418
0.800495
0.800535
0.800580
0.800685
0.797925
0.800162
0.800240
0.800280
0.800341
0.800410
0.800488
0.800466
0.800514
0.800578
0.800620
0.800711
0.800752
0.800835
0.800911
0.800913
0.801000
0.801012
0.801101
0.801154
0.801220
0.801254
0.801320
0.801393
0.801434
0.801508
0.801543
0.801666
0.800348
0.800387
0.800447
0.800440
0.800481
0.800593
0.800664
0.800707
0.800796
0.800848
0.804037
0.786952
0.786998
0.787031
0.787088
0.804416
0.804467
0.804500
0.804547
0.804627
0.804679
0.804729
0.804784
0.804883
0.804930
0.745759
0.803930
0.804027
0.804058
0.804139
0.804182
0.804280
0.804314
0.804380
0.804446
0.804494
0.804512
0.804572
0.804628
0.803336
0.804776
0.803779
0.803898
0.806549
0.806861
0.784093
0.782196
0.788136
0.786620
0.786510
0.786550
0.786599
0.786676
0.786737
0.786741
0.786839
0.786943
0.787025
0.787085
0.787117
0.787183
0.787225
0.787264
0.787307
0.787356
0.787411
0.787443
0.787493
0.787531
0.787564
0.787611
0.787662
0.787720
0.787770
0.787818
0.787867
0.787929
0.795948
0.796008
0.796054
0.785867
0.787233
0.785959
0.786007
0.786056
0.733613
0.762333
0.787930
0.788014
0.788059
0.773960
0.788188
0.788241
0.788298
0.788333
0.788395
0.788444
0.788477
0.788525
0.788559
0.788609
0.788640
0.788703
0.788752
0.788794
0.788841
0.788890
0.788930
0.788979
0.789019
0.789097
0.789135
0.789187
0.789293
0.799077
0.799266
0.799345
0.799372
0.799435
0.799487
0.799564
0.799587
0.799649
0.799649
0.799721
0.799742
0.799811
0.799858
0.799914
0.799933
0.799994
0.799626
0.800106
0.800140
0.800196
0.800230
0.800300
0.800337
0.800388
0.800446
0.800503
0.800533
0.800572
0.800627
0.800685
0.800723
0.800757
0.800809
0.800848
0.800494
0.800987
0.801063
0.801119
0.801159
0.801192
0.801264
0.801307
0.801352
0.801433
0.801482
0.801568
0.801604
0.801702
0.801749
0.801936
0.802047
0.806495
0.805459
0.806924
0.807081
0.807983
0.808162
0.808245
0.808356
0.808483
0.808602
0.808706
0.808883
0.809006
0.809118
0.809242
0.809394
0.809490
0.809599
0.809710
0.809832
0.809936
0.810093
0.810196
0.810335
0.810442
0.810553
0.810106
0.810895
0.811049
0.811363
0.811495
0.811558
0.811669
0.811780
0.811921
0.812033
0.812148
0.812249
0.812375
0.812463
0.812617
0.812727
0.812846
0.812959
0.813074
0.813185
0.813299
0.813361
0.813435
0.813573
0.813702
0.813885
0.814230
0.814322
0.814434
0.814595
0.814729
0.814848
0.814967
0.815082
0.815219
0.815330
0.815456
0.815564
0.815690
0.815794
0.815907
0.816132
0.816498
0.816613
0.812161
0.816886
0.817008
0.817112
0.817210
0.817320
0.817434
0.813108
0.817663
0.815302
0.817884
0.817990
0.818111
0.818260
0.818407
0.818512
0.818535
0.817189
0.818794
0.818830
0.818982
0.819101
0.819220
0.819330
0.819474
0.819542
0.819638
0.819739
0.819853
0.820009
0.820148
0.820272
0.827115
0.837798
0.838549
0.839038
0.839652
0.839811
0.839974
0.840679
0.841220
0.841345
0.841501
0.843271
0.844535
0.845031
0.845593
0.846132
0.846678
0.846802
0.847176
0.847332
0.855546
0.855706
0.852824
0.855947
0.856066
0.856172
0.857074
0.857262
0.857414
0.857563
0.857713
0.858636
0.858799
0.859113
0.862136
0.862288
0.862440
0.862612
0.862751
0.862888
0.863000
0.863268
0.863415
0.863172
0.863672
0.863855
0.864102
0.867939
0.874713
0.920813
0.875586
0.875737
0.875888
0.876041
0.876190
0.876388
0.876527
0.876668
0.876861
0.877027
0.877161
0.877320
0.877439
0.877590
0.877726
0.877869
0.878014
0.878162
0.878300
0.878449
0.878609
0.878756
0.878887
0.879022
0.879322
0.880010
0.880182
0.880336
0.880495
0.880650
0.880767
0.927137
0.881096
0.881254
0.881388
0.881615
0.881732
0.881870
0.882004
0.914587
0.881540
0.881694
0.881836
0.882001
0.882130
0.882278
0.882413
0.882571
0.882707
0.870527
0.847613
0.870802
0.870922
0.871084
0.871248
0.871387
0.871587
0.871736
0.872616
0.872809
0.872972
0.873127
0.873277
0.873418
0.873540
0.873837
0.873904
0.866383
0.874206
0.874379
0.874485
0.871443
0.874796
0.870236
0.875486
0.875628
0.875780
0.875931
0.876070
0.876249
0.876142
0.876275
0.873706
0.873859
0.876754
0.874170
0.871347
0.874479
0.874622
0.874701
0.874840
0.874984
0.875137
0.875335
0.872707
0.875645
0.875790
0.875880
0.876013
0.876164
0.876303
0.877060
0.877287
0.877432
0.877517
0.877661
0.880907
0.884506
0.881475
0.881619
0.881759
0.881890
0.881911
0.882014
0.881237
0.886155
0.882476
0.882447
0.882770
0.882905
0.882890
0.883212
0.883214
0.887464
0.883527
0.884984
0.885183
0.885265
0.884803
0.885542
0.885664
0.885777
0.885925
0.886064
0.886200
0.886313
0.886009
0.886200
0.890986
0.887216
0.887386
0.887504
0.889450
0.892310
0.892469
0.890828
0.890914
0.891159
0.888749
0.888901
0.889028
0.889760
0.889759
0.889224
0.889339
0.889486
0.888656
0.894504
0.888905
0.890066
0.890214
0.890342
0.893544
0.890656
0.890781
0.856935
0.891864
0.896080
0.891483
0.896372
0.896505
0.857827
0.892083
0.891358
0.892518
0.892629
0.892761
0.892847
0.892950
0.893014
0.893163
0.893285
0.893398
0.893532
0.893634
0.893777
0.897607
0.894072
0.894191
0.894051
0.894442
0.898327
0.887842
0.887045
0.887188
0.887315
0.887461
0.899255
0.896676
0.901293
0.902117
0.902341
0.902500
0.902633
0.902763
0.898450
0.903049
0.897754
0.903357
0.903496
0.903296
0.903446
0.903588
0.903724
0.903817
0.903948
0.904064
0.904179
0.904306
0.904463
0.904595
0.904743
0.895080
0.895263
0.895404
0.895588
0.905539
0.905674
0.905822
0.905920
0.904945
0.906239
0.906676
0.896339
0.907013
0.907118
0.907242
0.907347
0.907486
0.908030
0.871436
0.908188
0.908035
0.871614
0.909576
0.909843
0.909968
0.910104
0.910192
0.906490
0.906634
0.906665
0.906812
0.906975
0.907154
0.906600
0.915567
0.911669
0.911783
0.911936
0.912123
0.912269
0.913601
0.913801
0.913983
0.914095
0.914225
0.914334
0.914486
0.914699
0.914826
0.914957
0.915080
0.915176
0.915309
0.915476
0.915597
0.915718
0.917016
0.910850
0.883782
0.917251
0.917382
0.917335
0.916056
0.917452
0.917402
0.917240
0.917346
0.917831
0.918035
0.918185
0.918212
0.918871
0.919040
0.919167
0.919883
0.920071
0.920283
0.923580
0.927703
0.935383
0.939375
0.943462
0.944460
0.944612
0.939053
0.940457
0.940615
0.954705
0.960467
0.929382
0.967659
0.968795
0.968737
0.978071
0.977591
0.977365
1.001750
1.002384
1.004548
1.005370
1.007767
1.014335
1.014443
1.004024
1.015370
1.015822
1.016007
1.016530
1.017077
1.017615
1.018097
1.018604
1.019223
1.021512
1.021675
1.021947
1.022199
1.020684
1.026070
1.026364
1.027492
1.027746
1.027877
1.028029
1.028224
1.028338
1.028510
1.028724
1.028933
1.010245
1.029360
1.029596
1.030482
1.030494
0.999697
1.030722
1.018101
1.038033
1.018455
1.035451
1.038803
1.038962
1.039047
1.039150
1.039754
1.039949
1.044024
1.097038
1.038177
1.032443
1.125733
1.125711
1.125718
1.125717
1.115589
1.051811
1.051623
1.016123
1.051515
1.051293
1.052571
1.052561
1.052571
1.052558
1.052566
1.052578
1.052596
1.042569
1.041883
1.041884
1.041897
1.053551
1.053148
1.116509
1.139524
1.142103
1.142232
1.142350
1.142435
1.142579
1.142729
1.142893
1.143018
1.143138
1.143260
1.143372
1.143512
1.144200
1.145256
1.146850
1.147889
1.150101
1.150310
1.080292
1.156617
1.157887
1.161463
1.181270
1.181900
1.186544
1.192283
1.192390
1.192575
1.192297
1.190725
1.189247
1.183411
1.183584
1.183728
1.183884
1.094803
1.104427
1.072646
1.070516
1.116729
1.096818
1.186075
1.186138
1.107373
1.105402
1.116101
1.072085
1.072036
1.114577
1.114605
1.113717
1.113761
1.116455
1.117048
1.114814
1.115963
1.116042
1.116086
1.115308
1.209888
1.220165
1.220300
1.219605
1.219499
1.245969
1.269586
1.311145
1.312023
1.312165
1.311331
1.311522
1.311726
1.311850
1.312198
1.312318
1.312415
1.312552
1.305840
1.311831
1.311896
1.311973
1.303695
1.314126
1.272256
1.325328
1.316487
1.316499
1.343359
1.348401
1.358457
1.393246
1.403249
1.408444
1.440102
1.466525
1.465752
1.533294
1.493711
