0.782799
0.785357
0.785421
0.789584
0.791334
0.789770
0.790072
0.790373
0.790539
0.792658
0.790201
0.791240
0.793085
0.791390
0.791580
0.790954
0.797663
0.789152
0.788421
0.786517
0.789606
0.789675
0.789802
0.789953
0.790089
0.790219
0.790342
0.790487
0.790505
0.790671
0.790925
0.791072
0.791199
0.791319
0.791458
0.791571
0.791685
0.791489
0.792041
0.792741
0.792913
0.793033
0.793246
0.793265
0.793350
0.793325
0.793746
0.793796
0.792863
0.798188
0.798261
0.798869
0.799014
0.799147
0.799351
0.799478
0.799599
0.799719
0.799875
0.799976
0.800213
0.800266
0.800236
0.800343
0.800452
0.800584
0.795839
0.801095
0.801189
0.801302
0.801466
0.796563
0.796680
0.795467
0.796989
0.801751
0.801828
0.801999
0.796603
0.802841
0.803028
0.803157
0.803248
0.803415
0.803514
0.803690
0.803797
0.803982
0.804134
0.804240
0.804364
0.804470
0.804628
0.804736
0.804916
0.805048
0.805216
0.805384
0.805119
0.805783
0.807147
0.807697
0.808155
0.808330
0.808481
0.808044
0.809366
0.809518
0.809683
0.809778
0.809903
0.810026
0.810191
0.810295
0.810450
0.810098
0.810270
0.810611
0.810689
0.810816
0.810938
0.811046
0.811216
0.811387
0.811757
0.811956
0.812305
0.812465
0.812632
0.812778
0.812874
0.813050
0.813157
0.813332
0.813448
0.813643
0.813789
0.813909
0.814047
0.814182
0.814368
0.814505
0.814617
0.814763
0.814869
0.815019
0.815186
0.815294
0.815464
0.815600
0.815732
0.815873
0.815983
0.816148
0.816257
0.816418
0.816571
0.815197
0.816884
0.816998
0.817165
0.817267
0.817460
0.817333
0.817757
0.817875
0.818038
0.818143
0.818327
0.818459
0.818620
0.818745
0.815662
0.816512
0.819092
0.819417
0.819734
0.819899
0.820021
0.820106
0.820193
0.817529
0.820515
0.820509
0.820783
0.820896
0.820996
0.821170
0.821264
0.821412
0.821515
0.821639
0.821824
0.821348
0.822098
0.822206
0.822326
0.821919
0.822019
0.822136
0.822218
0.822346
0.823715
0.837763
0.835610
0.838262
0.838612
0.838627
0.834531
0.839113
0.839136
0.839302
0.839739
0.839866
0.840066
0.840442
0.840461
0.840478
0.840834
0.840873
0.841599
0.841885
0.841939
0.841929
0.841932
0.841954
0.842040
0.842184
0.842327
0.842624
0.842659
0.842764
0.843051
0.843240
0.843383
0.843633
0.843779
0.843904
0.844044
0.844176
0.844287
0.844464
0.844588
0.844703
0.844869
0.844984
0.845091
0.845310
0.845324
0.845441
0.845303
0.845710
0.845923
0.845937
0.846048
0.846186
0.846551
0.846565
0.846961
0.846981
0.847173
0.847392
0.847617
0.847638
0.835315
0.848007
0.848343
0.848371
0.848614
0.848725
0.848842
0.849058
0.849080
0.849534
0.849555
0.849578
0.849802
0.848785
0.850269
0.850272
0.850398
0.850650
0.850784
0.850976
0.850778
0.851414
0.851527
0.851790
0.853438
0.843575
0.847106
0.847796
0.857750
0.847681
0.847419
0.847533
0.847628
0.847757
0.847823
0.847527
0.848195
0.848330
0.848447
0.848557
0.848804
0.848941
0.849075
0.859998
0.861173
0.861302
0.861427
0.861538
0.861690
0.862314
0.862428
0.862109
0.862737
0.862890
0.862743
0.862869
0.862892
0.863002
0.863103
0.862611
0.863511
0.863645
0.863751
0.863876
0.863949
0.864508
0.864965
0.865387
0.865776
0.866172
0.867178
0.867286
0.867623
0.857029
0.867956
0.869079
0.868709
0.868715
0.868879
0.868994
0.869147
0.869232
0.870078
0.869571
0.869973
0.870236
0.870550
0.870547
0.870848
0.871179
0.871445
0.871597
0.862572
0.862745
0.872114
0.863031
0.872400
0.872555
0.863528
0.872777
0.863857
0.873136
0.864144
0.873382
0.864382
0.864470
0.873973
0.865077
0.874555
0.865571
0.874824
0.874950
0.866055
0.875264
0.866346
0.875558
0.866642
0.875838
0.866908
0.867030
0.876289
0.867331
0.876623
0.867636
0.876874
0.877014
0.868030
0.866952
0.867099
0.867224
0.867350
0.867898
0.868023
0.868117
0.867917
0.868372
0.868479
0.869312
0.872953
0.873579
0.873923
0.874240
0.874546
0.874705
0.875721
0.875905
0.876021
0.876148
0.875713
0.876420
0.876547
0.876660
0.876826
0.876927
0.877043
0.877146
0.877261
0.877353
0.877466
0.878254
0.878596
0.878697
0.878533
0.878954
0.879067
0.879181
0.879298
0.879465
0.879607
0.879724
0.879229
0.879944
0.880043
0.880154
0.880706
0.880922
0.881035
0.881048
0.881139
0.881224
0.881409
0.881563
0.881676
0.882154
0.882285
0.882378
0.882620
0.882832
0.882977
0.884667
0.885373
0.885555
0.885701
0.885790
0.885999
0.886139
0.886293
0.886417
0.886549
0.886683
0.886787
0.886906
0.887035
0.887161
0.888024
0.888197
0.888330
0.889238
0.889651
0.888989
0.890287
0.890524
0.890741
0.890921
0.891013
0.891041
0.891289
0.891382
0.891414
0.891458
0.891660
0.891658
0.891732
0.891808
0.891940
0.892056
0.892173
0.892306
0.892320
0.892419
0.892569
0.892684
0.892733
0.892790
0.892903
0.893072
0.893124
0.893192
0.893279
0.893333
0.893373
0.893408
0.893475
0.893449
0.893597
0.893774
0.894089
0.894265
0.894304
0.894399
0.894517
0.894658
0.894725
0.894793
0.894826
0.894899
0.894990
0.895272
0.895484
0.895555
0.895699
0.895801
0.895861
0.895910
0.895961
0.896027
0.896056
0.895065
0.896295
0.896461
0.896646
0.896780
0.896854
0.896881
0.896895
0.897002
0.897049
0.897144
0.897133
0.897239
0.897305
0.897286
0.897300
0.897352
0.897408
0.897443
0.897678
0.897801
0.897907
0.898431
0.898583
0.898587
0.898825
0.898968
0.899009
0.899070
0.899148
0.899177
0.899273
0.899441
0.899287
0.902589
0.902738
0.902835
0.903183
0.903166
0.903279
0.903269
0.903371
0.903712
0.903783
0.903848
0.903921
0.903951
0.904015
0.904080
0.904129
0.904168
0.904233
0.904373
0.904455
0.904854
0.905010
0.905281
0.905427
0.905490
0.905569
0.905691
0.905750
0.905888
0.905957
0.906050
0.906162
0.906358
0.906486
0.906564
0.906660
0.906782
0.906904
0.906978
0.907035
0.907065
0.907119
0.907162
0.907229
0.907282
0.907341
0.907420
0.907540
0.907707
0.907944
0.908071
0.908088
0.908155
0.908208
0.908262
0.908331
0.908303
0.908593
0.908707
0.908774
0.908807
0.908786
0.908942
0.909001
0.909019
0.908679
0.908743
0.908778
0.908820
0.908855
0.908903
0.909030
0.908893
0.909165
0.909493
0.909633
0.909673
0.909778
0.909874
0.910135
0.910289
0.910187
0.910561
0.910701
0.910795
0.910926
0.911040
0.910883
0.911416
0.911429
0.911796
0.912007
0.912140
0.913258
0.914023
0.914221
0.914533
0.914940
0.911357
0.915343
0.915258
0.912705
0.913825
0.913929
0.914124
0.914403
0.913648
0.914554
0.913742
0.913806
0.913867
0.913913
0.914006
0.914058
0.914124
0.916409
0.914245
0.916234
0.914416
0.914535
0.914716
0.915040
0.915104
0.915176
0.915194
0.915221
0.915284
0.915334
0.915411
0.915551
0.915751
0.915931
0.915953
0.915996
0.915999
0.916155
0.916190
0.916260
0.916247
0.915425
0.916385
0.916477
0.916772
0.916896
0.916974
0.917060
0.917177
0.917305
0.917370
0.917425
0.917470
0.917531
0.917550
0.917662
0.917721
0.917747
0.917819
0.917939
0.918125
0.918241
0.918306
0.918366
0.918405
0.918438
0.918507
0.918564
0.918613
0.918675
0.918738
0.918781
0.918848
0.918856
0.918923
0.918975
0.919028
0.919148
0.919492
0.919623
0.923473
0.919832
0.919893
0.919951
0.920006
0.920060
0.920136
0.920190
0.924275
0.922113
0.924885
0.925032
0.925086
0.925149
0.925204
0.925261
0.925317
0.925391
0.921855
0.925652
0.925762
0.925830
0.925869
0.925953
0.926085
0.926179
0.926255
0.926528
0.926830
0.926913
0.927001
0.926826
0.926902
0.926961
0.928684
0.923019
0.927282
0.929003
0.929083
0.929215
0.929279
0.929463
0.929547
0.929677
0.929768
0.929903
0.929972
0.930684
0.930160
0.930226
0.930366
0.930464
0.930638
0.930690
0.930768
0.930928
0.930993
0.931065
0.931200
0.931231
0.931299
0.927356
0.931519
0.930624
0.930760
0.927863
0.927973
0.928151
0.928281
0.928392
0.928313
0.928654
0.928727
0.928793
0.928863
0.928937
0.929072
0.929383
0.929456
0.929499
0.929543
0.929621
0.929749
0.929850
0.929974
0.930044
0.930116
0.930239
0.930316
0.930383
0.930532
0.930616
0.930708
0.930848
0.930919
0.931071
0.931132
0.931196
0.931377
0.931456
0.931591
0.931819
0.932065
0.932098
0.932296
0.932433
0.932570
0.932701
0.932823
0.933000
0.933108
0.933264
0.933395
0.933456
0.933566
0.933679
0.933773
0.933848
0.933990
0.934049
0.934160
0.934235
0.934371
0.934392
0.934532
0.934569
0.934387
0.934787
0.934858
0.934925
0.935056
0.933064
0.935196
0.935326
0.935412
0.935496
0.935616
0.935696
0.935360
0.937431
0.937548
0.937669
0.937794
0.937636
0.937684
0.937749
0.937755
0.937828
0.938395
0.938542
0.938550
0.938700
0.938733
0.938558
0.938679
0.938710
0.938899
0.938966
0.938962
0.939083
0.939027
0.939164
0.939148
0.939222
0.939311
0.939395
0.939454
0.939497
0.939575
0.939621
0.939744
0.939998
0.940147
0.940223
0.940140
0.940433
0.940480
0.940542
0.940616
0.940857
0.940966
0.941029
0.941090
0.941086
0.940695
0.941199
0.941260
0.941312
0.941398
0.941472
0.941577
0.941886
0.942007
0.942076
0.942141
0.942282
0.942363
0.942672
0.942781
0.942888
0.942951
0.943025
0.943163
0.943327
0.943446
0.942727
0.943604
0.943845
0.943913
0.943969
0.943995
0.944063
0.944103
0.944177
0.944298
0.944533
0.944659
0.944700
0.944756
0.944806
0.944895
0.944984
0.944696
0.945112
0.945179
0.945238
0.945290
0.945357
0.945420
0.945481
0.945534
0.945610
0.945977
0.946111
0.946159
0.946349
0.946405
0.945588
0.946537
0.946899
0.947035
0.947237
0.947306
0.947431
0.947569
0.947700
0.947840
0.947954
0.948124
0.948206
0.948332
0.948474
0.948595
0.948724
0.948842
0.948962
0.949084
0.949151
0.949209
0.949261
0.949317
0.949378
0.949413
0.949564
0.949700
0.949834
0.950111
0.950450
0.950504
0.950585
0.950607
0.950677
0.950739
0.950848
0.951311
0.951455
0.951665
0.951791
0.951937
0.952057
0.952167
0.952288
0.952434
0.952553
0.952687
0.952807
0.952944
0.953118
0.953231
0.953988
0.954208
0.954340
0.954421
0.954520
0.954642
0.954767
0.954835
0.954893
0.954947
0.954869
0.955095
0.955153
0.955102
0.955384
0.955516
0.955642
0.955677
0.955810
0.955887
0.955921
0.956344
0.956143
0.956703
0.956820
0.956938
0.957054
0.957234
0.957466
0.957523
0.957322
0.957667
0.957722
0.957771
0.957829
0.957894
0.957930
0.957998
0.958055
0.958101
0.958088
0.958155
0.958201
0.958337
0.958598
0.958735
0.958798
0.958866
0.958907
0.958972
0.959032
0.959097
0.959047
0.959118
0.959233
0.959392
0.959726
0.959857
0.959913
0.959990
0.969850
0.960140
0.960171
0.960237
0.960381
0.960495
0.960617
0.960731
0.960841
0.960930
0.960974
0.971148
0.961331
0.961399
0.961425
1.334821
1.335146
1.335510
