0.795975
0.804180
0.805658
0.806136
0.812138
0.801934
0.823710
0.824288
0.828036
0.828531
0.828408
0.828873
0.829044
0.829153
0.829468
0.824849
0.830524
0.830503
0.830687
0.831164
0.831009
0.831233
0.831619
0.831715
0.831570
0.832027
0.831878
0.832274
0.832273
0.832341
0.828065
0.833198
0.833512
0.833973
0.833992
0.834296
0.834764
0.834795
0.834803
0.835310
0.835929
0.835898
0.836696
0.836722
0.837190
0.837846
0.842405
0.842455
0.843060
0.840986
0.843629
0.830335
0.843738
0.829852
0.844562
0.844262
0.840381
0.842689
0.845451
0.846025
0.846215
0.847396
0.846436
0.846602
0.847863
0.846883
0.848152
0.848244
0.848406
0.847477
0.847628
0.848815
0.848249
0.849164
0.848240
0.849445
0.846597
0.849010
0.848875
0.849310
0.849366
0.849520
0.849620
0.849784
0.849873
0.850028
0.836071
0.850321
0.836369
0.836538
0.850752
0.850907
0.827938
0.851015
0.851449
0.851414
0.851849
0.852071
0.852079
0.845839
0.852026
0.852526
0.801219
0.852964
0.853679
0.853677
0.854262
0.854068
0.854456
0.854357
0.854527
0.854626
0.854405
0.855239
0.851538
0.852199
0.852233
0.858053
0.854411
0.858949
0.855688
0.860198
0.860363
0.856665
0.860751
0.856946
0.861045
0.857221
0.861445
0.861466
0.858164
0.861718
0.857956
0.857606
0.862128
0.862261
0.858051
0.862211
0.858373
0.862525
0.862638
0.862072
0.862949
0.863124
0.862525
0.863417
0.863526
0.862995
0.863880
0.863245
0.863402
0.864294
0.864474
0.864577
0.861986
0.862145
0.842628
0.862437
0.862550
0.864824
0.864786
0.863045
0.863223
0.865296
0.863475
0.863620
0.863763
0.854163
0.828391
0.822218
0.830571
0.828932
0.828909
0.829184
0.829337
0.829420
0.829550
0.829632
0.830113
0.830396
0.830668
0.830969
0.829167
0.831369
0.829359
0.829415
0.829526
0.829692
0.830275
0.830319
0.830801
0.831525
0.831693
0.831803
0.832188
0.832211
0.832836
0.832877
0.833705
0.833766
0.833758
0.834675
0.835104
0.835798
0.836438
0.837016
0.837057
0.837181
0.837385
0.837560
0.837805
0.837829
0.838008
0.838265
0.838272
0.838442
0.838630
0.838735
0.839111
0.839142
0.839262
0.839112
0.839708
0.839856
0.839972
0.840073
0.840158
0.840388
0.840481
0.840658
0.840761
0.840944
0.841028
0.841126
0.841286
0.841441
0.841570
0.841725
0.841891
0.842223
0.842224
0.842331
0.842500
0.842623
0.842742
0.843004
0.843276
0.843554
0.843829
0.844370
0.844398
0.844556
0.844626
0.845017
0.845122
0.845233
0.845381
0.845927
0.846321
0.847473
0.848914
0.849257
0.849736
0.850038
0.850169
0.850260
0.850375
0.850547
0.850651
0.850769
0.850882
0.850986
0.851112
0.851218
0.851392
0.851495
0.850392
0.851812
0.851970
0.852084
0.852238
0.852324
0.852480
0.852577
0.852754
0.853638
0.854230
0.854143
0.854495
0.855380
0.855513
0.855648
0.855760
0.855930
0.856040
0.856168
0.856284
0.856462
0.856600
0.856726
0.856839
0.856930
0.857130
0.857236
0.857396
0.855264
0.855400
0.855518
0.855902
0.856185
0.858745
0.856777
0.856670
0.857607
0.857819
0.857833
0.857947
0.858927
0.857709
0.857811
0.857977
0.858044
0.860860
0.858334
0.858514
0.858945
0.859067
0.859083
0.860463
0.859509
0.859709
0.859906
0.859949
0.860652
0.861135
0.861593
0.861628
0.861726
0.861833
0.861933
0.862043
0.862219
0.862324
0.862489
0.862600
0.862741
0.862862
0.862966
0.866008
0.863281
0.863465
0.863594
0.863273
0.863439
0.863794
0.863964
0.864078
0.864231
0.864339
0.864517
0.864493
0.864567
0.864671
0.864814
0.865010
0.865110
0.865287
0.865370
0.865553
0.865618
0.865790
0.865886
0.866071
0.866221
0.866351
0.866440
0.866571
0.866681
0.866855
0.866958
0.869367
0.867294
0.867413
0.869810
0.867127
0.870048
0.870174
0.870282
0.870424
0.870524
0.870593
0.867640
0.867800
0.867926
0.870242
0.870435
0.870909
0.871210
0.871505
0.868749
0.876365
0.877119
0.873664
0.877707
0.877922
0.878024
0.878202
0.878299
0.878317
0.878436
0.878591
0.879077
0.879179
0.874981
0.879430
0.879534
0.879684
0.879986
0.880263
0.880301
0.880448
0.880580
0.880703
0.880827
0.880916
0.881097
0.881143
0.881308
0.881415
0.881207
0.881696
0.881879
0.881660
0.881758
0.881967
0.882128
0.882288
0.882392
0.882557
0.882671
0.882768
0.880722
0.882902
0.883027
0.883104
0.883209
0.883282
0.883320
0.883341
0.883406
0.882781
0.883550
0.883636
0.883665
0.883090
0.883217
0.881779
0.883567
0.883636
0.883734
0.883843
0.883985
0.884096
0.884367
0.884482
0.884584
0.884644
0.884681
0.863130
0.884951
0.885277
0.885405
0.880774
0.869800
0.885830
0.870032
0.872849
0.872951
0.870418
0.870449
0.870494
0.873211
0.870560
0.873394
0.873472
0.871106
0.871245
0.871503
0.874233
0.871629
0.876456
0.871725
0.868913
0.868951
0.869021
0.869233
0.869354
0.869394
0.869540
0.869861
0.892427
0.870292
0.871842
0.872065
0.872193
0.872322
0.872448
0.872575
0.872800
0.872924
0.873095
0.873230
0.873343
0.874003
0.874413
0.897185
0.874715
0.874816
0.874930
0.874804
0.897949
0.890609
0.890634
0.890740
0.890859
0.898503
0.875615
0.875143
0.875231
0.875296
0.875366
0.883036
0.875304
0.875685
0.875763
0.875877
0.876025
0.881132
0.881220
0.883203
0.881470
0.876711
0.876837
0.876963
0.877087
0.876973
0.877347
0.877447
0.877554
0.877752
0.878263
0.898330
0.898427
0.898560
0.898702
0.879048
0.879132
0.879133
0.879259
0.898284
0.879868
0.880077
0.880208
0.880315
0.880435
0.880716
0.899648
0.899770
0.899887
0.901819
0.900159
0.900212
0.900262
0.900294
0.902277
0.902273
0.902339
0.902464
0.902765
0.902886
0.902953
0.903000
0.903078
0.903190
0.883179
0.883310
0.900245
0.883503
0.883627
0.902667
0.902763
0.903033
0.903157
0.903269
0.903714
0.903534
0.903656
0.904223
0.904325
0.904415
0.904519
0.904626
0.905754
0.906177
0.906663
0.906308
0.908687
0.905507
0.905615
0.905748
0.889219
0.889148
0.869967
0.889883
0.913353
0.913447
0.913966
0.914152
0.914493
0.914612
0.914682
0.914075
0.914812
0.914881
0.914934
0.914374
0.914405
0.914919
0.915035
0.915157
0.915269
0.915390
0.915511
0.915634
0.914950
0.915857
0.913549
0.915371
0.915495
0.915542
0.915603
0.915652
0.904151
0.901237
0.904375
0.901388
0.904571
0.901318
0.904670
0.901409
0.904830
0.901619
0.904991
0.905008
0.905011
0.905034
0.903850
0.907403
0.907465
0.904599
0.907692
0.904853
0.907950
0.904429
0.908297
0.905518
0.905575
0.905597
0.905659
0.905747
0.905293
0.905991
0.905521
0.904496
0.906298
0.903813
0.903907
0.906650
0.904125
0.906864
0.906957
0.904506
0.905205
0.907946
0.905463
0.908122
0.905750
0.905865
0.920331
0.915887
0.904115
0.884190
0.917726
0.918272
0.918984
0.919185
0.918638
0.918772
0.918915
0.920628
0.920793
0.920923
0.920570
0.920889
0.921023
0.921101
0.921181
0.921321
0.921393
0.921472
0.921612
0.921620
0.921641
0.921690
0.921784
0.921813
0.921866
0.913729
0.922032
0.929240
0.917646
0.929511
0.929633
0.929528
0.914670
0.914794
0.914986
0.915636
0.915301
0.923834
0.893546
0.924272
0.924074
0.924192
0.924347
0.923989
0.923732
0.923078
0.922756
0.922765
0.922854
0.923177
0.923282
0.923394
0.923500
0.923611
0.923695
0.923748
0.920562
0.921268
0.924767
0.921581
0.925838
0.926033
