1.082623
1.085217
1.085374
1.085634
1.085897
1.075177
1.072458
1.075070
1.075069
1.075168
1.075328
1.075472
1.075600
1.075676
1.075807
1.073810
1.074126
1.073852
1.074033
1.077028
1.077044
1.077229
1.077323
1.074649
1.074347
1.075247
1.075314
1.075442
1.075558
1.075682
1.075834
1.076470
1.075808
1.076646
1.076822
1.076918
1.077051
1.077186
1.077256
1.077417
1.077606
1.078077
1.078116
1.078130
1.078363
1.078386
1.083949
1.078674
1.078780
1.078561
1.079854
1.079881
1.079988
1.079991
1.080052
1.080181
1.080417
1.080409
1.080993
1.080956
1.081071
1.081216
1.081325
1.081475
1.081549
1.081746
1.081944
1.082040
1.069032
1.082341
1.082456
1.082736
1.082750
1.082924
1.083164
1.083277
1.083433
1.083543
1.083554
1.083727
1.083907
1.083815
1.083946
1.084043
1.083975
1.084366
1.084755
1.084323
1.084899
1.085231
1.085257
1.085295
1.085426
1.085487
1.085653
1.085808
1.085599
1.085861
1.086396
1.086171
1.086397
1.086920
1.087685
1.087713
1.088268
1.088478
1.088588
1.088824
1.088969
1.088573
1.089375
1.089478
1.089582
1.089547
1.089712
1.089824
1.090654
1.091064
1.091473
1.091817
1.092378
1.093030
1.093069
1.093151
1.093292
1.093432
1.093561
1.093646
1.093787
1.093942
1.094765
1.094809
1.095266
1.096183
1.084864
1.096836
1.085945
1.086533
1.098083
1.098191
1.087074
1.098337
1.098726
1.098832
1.087639
1.099120
1.099251
1.099372
1.099530
1.099630
1.099705
1.099987
1.100023
1.100193
1.100290
1.100475
1.100570
1.100746
1.100867
1.100962
1.100264
1.101176
1.101332
1.101426
1.101589
1.101721
1.101745
1.101983
1.102112
1.102112
1.102161
1.101709
1.102311
1.091822
1.102465
1.102645
1.102445
1.102721
1.102791
1.102908
1.103006
1.103122
1.103177
1.103212
1.099011
1.099047
1.099131
1.099251
1.099334
1.099403
1.099530
1.099599
1.099724
1.099751
1.099831
1.099888
1.100043
1.100122
1.100195
1.100266
1.100336
1.100504
1.100573
1.100662
1.100804
1.100876
1.100946
1.101081
1.101124
1.104845
1.101302
1.101360
1.102932
1.101528
1.101572
1.101658
1.101795
1.101973
1.102081
1.102151
1.102216
1.102350
1.102419
1.102714
1.108162
1.102921
1.103006
1.103163
1.103312
1.103543
1.103724
1.103803
1.103888
1.103922
1.103980
1.104057
1.106039
1.104440
1.104560
1.104638
1.104717
1.106081
1.106206
1.108256
1.106405
1.106532
1.106639
1.106700
1.106751
1.106815
1.106862
1.107010
1.107131
1.107268
1.107323
1.107402
1.107534
1.107605
1.109933
1.107810
1.107878
1.108017
1.108529
1.108172
1.108302
1.108371
1.108495
1.108612
1.108742
1.108870
1.109142
1.109172
1.109270
1.108223
1.109551
1.109688
1.109751
1.109836
1.109961
1.110040
1.116815
1.110244
1.110308
1.110439
1.110511
1.110652
1.110709
1.110792
1.110916
1.110993
1.110931
1.111190
1.111264
1.111335
1.111461
1.111521
1.111562
1.111639
1.111762
1.111862
1.111980
1.112061
1.112112
1.111723
1.112266
1.112389
1.112497
1.112598
1.112665
1.112738
1.112585
1.112612
1.112360
1.120473
1.120351
1.119140
1.120837
1.120958
1.120987
1.121056
1.121188
1.119783
1.121354
1.111722
1.111782
1.121626
1.121678
1.121728
1.121757
1.121788
1.121861
1.121988
1.121946
1.122324
1.122377
1.122449
1.122571
1.122604
1.122674
1.122779
1.122850
1.122885
1.122931
1.122985
1.123038
1.123082
1.123204
1.123319
1.123445
1.123502
1.123520
1.123721
1.123784
1.123739
1.123780
1.120026
1.124052
1.124154
1.124242
1.124384
1.124477
1.124574
1.124646
1.124786
1.124852
1.124829
1.125014
1.124967
1.125152
1.125191
1.125003
1.125484
1.125531
1.125608
1.125862
1.125980
1.126078
1.126191
1.126305
1.126423
1.126554
1.126679
1.125710
1.126957
1.127051
1.127168
1.127288
1.127422
1.127598
1.128518
1.128860
1.129025
1.129117
1.129098
1.129127
1.129200
1.129281
1.129410
1.129540
1.129662
1.129762
1.129875
1.129989
1.130103
1.130110
1.130378
1.130499
1.130600
1.130687
1.130899
1.124719
1.131119
1.131194
1.131304
1.129657
1.131625
1.131427
1.131849
1.131906
1.131975
1.132379
1.132509
1.129671
1.130368
1.130202
1.132817
1.132253
1.133071
1.133138
1.133275
1.133330
1.133415
1.133534
1.133609
1.133676
1.133801
1.133872
1.134008
1.134056
