1.484931
1.483849
1.485411
1.485595
1.484753
1.485058
1.486625
1.485354
1.486885
1.485640
1.487136
1.485947
1.487495
1.486208
1.487728
1.486399
1.488049
1.488136
1.488311
1.488428
1.488602
1.485076
1.488875
1.489012
1.443814
1.485712
1.486384
1.491846
1.491980
1.490288
1.490312
1.490425
1.490547
1.493582
1.490800
1.490944
1.488144
1.491224
1.488368
1.479101
1.491898
1.446849
1.479633
1.478048
1.475404
1.479806
1.476014
1.480530
1.480568
1.482295
1.483239
1.483656
1.484279
1.483773
1.485645
1.483955
1.484086
1.484274
1.484398
1.484547
1.487287
1.484299
1.484490
1.484516
1.484661
1.484802
1.485334
1.485546
1.485614
1.485807
1.485990
1.486331
1.486643
1.486678
1.486692
1.486809
1.486961
1.487102
1.487227
1.487357
1.487493
1.487612
1.487870
1.488016
1.487356
1.487539
1.488511
1.487897
1.488030
1.488197
1.489131
1.491291
1.489417
1.489667
1.489812
1.489925
1.490096
1.490233
1.490362
1.490514
1.490639
1.489024
1.490933
1.491318
1.491470
1.491602
1.491721
1.491830
1.492289
1.492327
1.493093
1.493174
1.493295
1.494014
1.494046
1.494078
1.494088
1.494285
1.494410
1.494557
1.498779
1.494923
1.495617
1.495859
1.495731
1.496125
1.496233
1.496546
1.496570
1.496772
1.496904
1.497026
1.497162
1.496050
1.497314
1.497479
1.497654
1.497790
1.502278
1.502498
1.502583
1.502746
1.502741
1.494449
1.494575
1.494717
1.494892
1.503630
1.503729
1.495316
1.503992
1.495614
1.504286
1.495905
1.504567
1.504736
1.504838
1.504866
1.505207
1.505306
1.505466
1.506369
1.506431
1.506548
1.506676
1.506803
1.506935
1.507059
1.507227
1.507344
1.507508
1.507651
1.507746
1.507871
1.508008
1.508139
1.508274
1.508382
1.508557
1.508654
1.508849
1.508986
1.509090
1.509242
1.509499
1.508124
1.509659
1.509770
1.509906
1.510287
1.510772
1.510927
1.511055
1.511201
1.511476
1.511493
1.510601
1.511854
1.511950
1.510948
1.512322
1.512360
1.512617
1.511673
1.511805
1.511935
1.512069
1.512409
1.513719
1.512725
1.516613
1.516759
1.519444
1.519513
1.519654
1.519893
1.520075
1.520283
1.520410
1.520619
1.506978
1.520870
1.521132
1.521342
1.521473
1.521617
1.521750
1.521828
1.521953
1.522127
1.522242
1.522431
1.522548
1.522706
1.522747
1.522909
1.523305
1.523650
1.524015
1.524387
1.524772
1.524732
1.525876
1.526202
1.526335
1.526471
1.526626
1.526484
1.526617
1.526747
1.526877
1.526981
1.527144
1.527245
1.527420
1.527536
1.527705
1.527814
1.528005
1.528149
1.528266
1.520383
1.510294
1.520789
1.520911
1.521054
1.521149
1.513263
1.522068
1.522452
1.522900
1.522957
1.528481
1.524272
1.526931
1.527341
1.527703
1.529994
1.528233
1.530026
1.530156
1.530276
1.530384
1.530594
1.530919
1.530928
1.529688
1.529651
1.529731
1.529826
1.529281
1.530202
1.530341
1.530458
1.530561
1.530713
1.530870
1.530935
1.531130
1.531241
1.530873
1.531029
1.531124
1.531268
1.538713
1.538883
1.539275
1.539319
1.539443
1.539544
1.539706
1.533232
1.539990
1.540097
1.540400
1.540707
1.540851
1.541200
1.541517
1.541691
1.539013
1.542020
1.542280
1.539534
1.539645
1.539885
1.539893
1.540002
1.540125
1.517883
1.517631
1.515434
1.540627
1.515691
1.515812
1.515988
1.516592
1.538027
1.539198
1.539258
1.539385
1.539535
1.539606
1.539762
1.539925
1.540060
1.540208
1.540326
1.540490
1.540604
1.540762
1.540864
1.541037
1.541156
1.541316
1.541425
1.541586
1.546073
1.521157
1.521266
1.521378
1.521489
1.546882
1.546989
1.547170
1.547278
1.547437
1.547544
1.547728
1.547805
1.547934
1.548038
1.549371
1.549676
1.549795
1.549947
1.550135
1.550282
1.550380
1.550562
1.550682
1.550853
1.550948
1.551125
1.551230
1.551363
1.551467
1.551773
1.551895
1.551989
1.552088
1.552234
1.552344
1.552420
1.552486
1.552665
1.552764
1.552919
1.551966
1.529733
1.551130
1.551245
1.551417
1.551539
1.551810
1.551946
1.552019
1.531082
1.552131
1.531331
1.531485
1.532110
1.532492
1.532975
1.533355
1.533728
1.534503
1.535150
1.535511
1.535546
1.536050
1.559129
1.536740
1.536910
1.537092
1.537279
1.560219
1.560340
1.560656
1.560753
1.560953
1.561059
1.561227
1.561318
1.561503
1.561609
1.561773
1.562147
1.562419
1.558617
1.562966
1.563114
1.563271
1.563386
1.563556
1.563652
1.563852
1.563962
1.564075
1.564237
1.541878
1.563013
1.563117
1.563275
1.563333
1.563503
1.563646
1.563774
1.563729
1.564024
1.564194
1.564411
1.564491
1.564663
1.564739
1.564930
1.565032
1.565201
1.565291
1.565513
1.565605
1.565750
1.565829
1.565959
1.566140
1.566272
1.566397
1.566921
1.567862
1.567896
1.568087
1.568276
1.560978
1.568535
1.568202
1.568317
1.568450
1.568555
1.568738
1.568870
1.569003
1.569243
1.549613
1.569523
1.569692
1.569786
1.569974
1.569686
1.569841
1.569945
1.570124
1.570152
1.570428
1.570535
1.509880
1.513855
1.518438
1.586930
1.513065
1.530492
1.574821
1.574910
1.574982
1.575020
1.575338
1.575141
1.575210
1.572331
1.575591
1.575789
1.575923
1.575964
1.576066
1.576098
1.576189
1.576280
1.576376
1.570831
1.563775
1.563218
1.562919
1.563011
1.562793
1.563254
1.563842
1.561050
1.564302
1.564433
1.564597
1.564690
1.564834
1.564885
1.564954
1.565097
1.565748
1.566411
1.566816
1.570580
1.569975
1.570401
1.570455
1.569688
1.570114
1.569830
1.569955
1.584990
1.585043
1.586997
1.585193
1.585228
1.585324
1.585353
1.585451
1.568692
1.582696
1.575379
1.583178
1.583489
1.583596
1.583707
1.583798
1.583830
1.583926
1.583965
1.584064
1.584374
1.584521
1.584679
1.584854
1.584943
1.574173
1.585079
1.578350
1.578398
1.578440
1.578559
1.578671
1.585789
1.578893
1.575926
1.578809
1.579766
1.579939
1.579992
1.576393
1.576452
1.576525
1.576588
1.576681
1.576698
1.576802
1.576858
1.576950
1.577027
1.577083
1.577160
1.577209
1.577353
1.577732
1.577915
1.581433
1.582988
1.578258
1.583302
1.583348
1.583455
1.583498
1.583606
1.581140
1.583362
1.583449
1.583495
1.583563
1.583626
1.583681
1.583649
1.583718
1.583783
1.583825
1.583929
1.583970
1.584059
1.584076
1.584174
1.584670
1.584774
1.584813
1.584884
1.584931
1.585003
1.585059
1.585131
1.585188
1.585265
1.585357
1.583928
1.583970
1.584002
1.584092
1.580748
1.587997
1.588212
1.588289
1.588389
1.588520
1.588626
1.581163
1.588831
1.582132
1.589032
1.589121
1.589172
1.589266
1.589324
1.589386
1.589570
1.584008
1.601754
1.587981
1.588047
1.588113
1.588277
1.602503
1.588149
1.602640
1.599149
1.599193
1.587886
1.592406
1.592262
1.592323
1.592366
1.588850
1.588919
1.588986
1.589998
1.592888
1.590161
1.590258
1.590311
1.587746
1.604690
1.590578
1.590454
1.604968
1.601439
1.601551
1.594685
1.601895
1.601920
1.590735
1.594437
1.594531
1.590939
1.591064
1.591105
1.591895
1.590215
1.595041
1.594201
1.594244
1.594316
1.595092
1.595459
1.595648
1.593214
1.594447
1.596357
1.597041
1.597668
1.597837
1.597966
1.598063
1.596645
1.596758
1.599637
1.599683
1.599893
1.600357
1.600502
1.600618
1.600706
1.595554
1.595082
1.598370
1.595278
1.595347
1.595470
1.595581
1.595688
1.595800
1.595841
1.596116
1.552735
1.596568
1.596688
1.572759
1.572900
1.597310
1.597610
1.597890
1.598235
1.598516
1.598809
1.599150
1.602785
1.603014
1.603262
1.604071
1.604255
1.604463
1.604669
1.604951
1.605104
1.605248
1.605575
1.605722
1.605851
1.605982
1.603393
1.611396
1.611532
1.612227
1.613063
1.589759
1.589854
1.613507
1.613659
1.614274
1.614464
1.614604
1.615413
1.613966
1.616133
1.616497
1.616695
1.617137
1.617489
1.617790
1.617833
1.617921
1.617970
1.618035
1.618099
1.618150
1.618239
1.618256
1.618333
1.618376
1.618451
1.618500
1.618559
1.618610
1.618767
1.619016
1.619057
1.619119
1.619164
1.619121
1.619207
1.619252
1.619295
1.619335
1.619376
1.619445
1.618813
1.627715
1.618931
1.619068
1.619436
1.619486
1.580861
1.619111
1.619620
1.619704
1.619758
1.619855
1.619897
1.619976
1.609470
1.619777
1.583576
1.583479
1.620015
1.620498
1.620765
1.620812
1.620896
1.620923
1.621017
1.621058
1.621139
1.621155
1.621114
1.621145
1.621235
1.621267
1.621484
1.621447
1.621569
1.622101
1.622273
1.622338
1.622410
1.622408
1.622433
1.622494
1.622532
1.622584
1.622639
1.622677
1.622786
1.622874
1.623003
1.623136
1.623661
1.623694
1.623785
1.623818
1.623917
1.587741
1.623756
1.561538
1.624200
1.587111
1.585745
1.587584
1.624258
1.587560
1.619312
1.627485
1.627653
1.627844
1.619772
1.628185
1.628333
1.628477
1.628695
1.628803
1.628979
1.629152
1.629347
1.629435
1.629528
1.629626
1.629867
1.630258
1.623614
1.630446
1.630557
1.630602
1.630666
1.630714
1.630810
1.630935
1.630983
1.631043
1.631093
1.631193
1.631241
1.624991
1.625308
1.625589
1.628322
1.628746
1.628801
1.628902
1.622016
1.629055
1.629199
1.629313
1.629399
1.629407
1.629554
1.629573
1.629657
1.629676
1.629777
1.629826
1.629918
1.629964
1.630050
1.630091
1.630163
1.630665
1.630744
1.630780
1.630870
1.630857
1.630937
1.630976
1.629853
1.631127
1.631281
1.631321
1.631402
1.631438
1.631533
1.631456
1.631684
1.631582
1.631791
1.607513
1.631933
1.632192
1.632254
1.632567
1.632642
1.635350
1.635417
1.635673
1.635850
1.636018
1.636253
1.636382
1.636549
1.636537
1.636756
1.636815
1.636878
1.636943
1.637001
1.637043
1.637176
1.637646
1.637808
1.637926
1.638009
1.638283
1.638351
1.638719
1.638725
1.638663
1.638709
1.638752
1.638445
1.638747
1.638756
1.638840
1.639080
1.639038
1.639215
1.639261
1.639298
1.639300
1.639326
1.639386
1.639601
1.639513
1.639754
1.639648
1.639900
1.639929
1.639982
1.639940
1.640012
1.640485
1.633481
1.640576
1.640650
1.640693
1.640703
1.640896
1.640819
1.618466
1.641025
1.641013
1.636496
1.641220
1.641227
1.637769
1.637590
1.637623
1.637698
1.637736
1.637871
1.638022
1.638054
1.638151
1.638181
1.638275
1.638383
1.638442
1.638488
1.638541
1.638561
1.638675
1.638782
1.638804
1.638261
1.638956
1.639102
1.639402
1.639507
1.639548
1.639595
1.639690
1.639735
1.639753
1.639903
1.639907
1.640029
1.640077
1.640133
1.640182
1.640260
1.640286
1.640464
1.640691
1.640834
1.640962
1.641124
1.641354
1.641532
1.641682
1.640721
1.642717
1.642913
1.642600
1.642912
1.642964
1.642931
1.643046
1.643493
1.643644
1.643837
1.643723
1.645223
1.645710
1.646129
1.645803
1.645881
1.645923
1.646008
1.646157
1.646244
1.646449
1.645510
1.646639
1.629888
1.646711
1.646806
1.647040
1.647181
1.647204
1.647299
1.647329
1.647343
1.647611
1.647698
1.646483
1.647760
1.647807
1.647870
1.647922
1.647986
1.648029
1.648111
1.648169
1.648231
1.648279
1.648365
1.648501
1.648734
1.648931
1.649102
1.649235
1.649276
1.649376
1.649413
1.649507
1.649735
1.649919
1.650044
1.650089
1.650163
1.650197
1.635299
1.649799
1.650427
1.650520
1.650555
1.650616
1.650947
1.651082
1.636406
1.651293
1.651355
1.651407
1.651465
1.649723
1.636849
1.636907
1.651714
1.637035
1.637112
1.637918
1.607965
1.637860
1.637727
1.652133
1.652507
1.653568
1.653769
1.653819
1.653899
1.653928
1.654027
1.654057
1.654191
1.642456
1.654505
1.654613
1.654773
1.643027
1.643080
1.642964
1.655204
1.655299
1.654680
1.655821
1.656100
1.656672
1.657115
1.657219
1.657383
1.657532
1.657704
1.658336
1.658832
1.659383
1.659481
1.658677
1.658725
1.645148
1.658992
1.659083
1.659099
1.647719
1.647938
1.648129
1.648795
1.648476
1.646999
1.647087
1.647136
1.647224
1.647264
1.647335
1.661992
1.661971
1.661809
1.661719
1.648031
1.661952
1.662037
1.662069
1.662160
1.648732
1.661731
1.648855
1.662390
1.649705
1.649733
1.649405
1.628146
1.661251
1.664006
1.647002
1.630338
1.661698
1.661695
1.663241
1.663059
1.662951
1.646010
1.622262
1.653182
1.651850
1.651317
1.648662
1.646939
1.649956
