0.083468
0.085908
0.083269
0.083564
0.082439
0.111715
0.091165
0.093604
0.101878
0.101696
0.097020
0.104356
0.104379
0.106936
0.125359
0.118376
0.128115
0.129621
0.133951
0.166937
0.198959
0.196145
0.198748
0.201057
0.208407
0.214473
0.216129
0.218688
0.222852
0.227717
0.253488
0.255850
0.268648
0.258518
0.282287
0.344715
0.355790
0.359732
0.374332
0.389544
0.413078
0.463088
0.488221
0.489417
0.501476
0.510230
0.519593
0.532218
0.532238
0.533052
0.532416
0.523050
0.557453
0.566698
0.581442
0.591225
0.591576
0.611181
0.613614
0.645157
0.645551
0.637839
0.630402
0.644317
0.647806
0.647975
0.645224
0.645316
0.645248
0.644307
0.644519
0.645775
0.645910
0.646062
0.643709
0.646438
0.646937
0.647059
0.647179
0.647245
0.647329
0.647430
0.647527
0.647633
0.647695
0.647318
0.647385
0.647452
0.633218
0.647568
0.647704
0.648054
0.648171
0.648529
0.645973
0.648815
0.648940
0.649070
0.649218
0.649322
0.649433
0.649504
0.649756
0.651987
0.652153
0.652092
0.652317
0.652283
0.652332
0.652497
0.653000
0.653013
0.653050
0.653145
0.653227
0.653099
0.649059
0.649128
0.649192
0.649320
0.653336
0.653442
0.653568
0.655968
0.653781
0.653949
0.654240
0.654358
0.650001
0.638112
0.653705
0.654290
0.654412
0.654488
0.654601
0.654619
0.654723
0.654817
0.654901
0.654958
0.655060
0.655132
0.655324
0.660059
0.660137
0.661379
0.661572
0.661732
0.661850
0.661503
0.661608
0.661727
0.661830
0.661938
0.662097
0.662238
0.650610
0.663800
0.664701
0.664882
0.665014
0.665097
0.665268
0.665380
0.665485
0.665568
0.655660
0.665802
0.665927
0.666004
0.666124
0.674408
0.674475
0.674664
0.674963
0.675253
0.664690
0.675238
0.675313
0.675383
0.675441
0.675512
0.675552
0.675620
0.675668
0.675740
0.675810
0.675889
0.666182
0.676467
0.666669
0.676617
0.676658
0.676743
0.676791
0.676870
0.676941
0.677022
0.677122
0.677225
0.677273
0.677340
0.677409
0.677492
0.677546
0.677693
0.678103
0.678233
0.678119
0.678330
0.662521
0.675562
0.675619
0.675735
0.675863
0.675976
0.676060
0.676097
0.676175
0.676247
0.676490
0.676838
0.676908
0.677063
0.677322
0.677426
0.677543
0.677612
0.677682
0.677718
0.677749
0.677829
0.677872
0.677949
0.678004
0.678075
0.678144
0.678209
0.678274
0.678306
0.678371
0.678519
0.678863
0.678938
0.678988
0.679073
0.679138
0.672529
0.679134
0.677245
0.679299
0.679608
0.680052
0.680788
0.681118
0.681299
0.681428
0.682210
0.679663
0.679798
0.679924
0.680055
0.682971
0.680349
0.683237
0.683411
0.683526
0.683499
0.684263
0.684467
0.684568
0.680485
0.685700
0.686645
0.686834
0.688477
0.688673
0.688695
0.688727
0.688721
0.688788
0.688862
0.688911
0.683764
0.689107
0.689391
0.689468
0.689588
0.690009
0.690078
0.690152
0.690223
0.690251
0.690333
0.690407
0.690463
0.690544
0.690648
0.690698
0.690775
0.690856
0.685737
0.692025
0.692569
0.692575
0.692652
0.692705
0.692782
0.692864
0.692924
0.692994
0.692980
0.691330
0.691602
0.691682
0.691819
0.691272
0.692036
0.689763
0.689510
0.689705
0.707823
0.693002
0.710200
0.710303
0.710355
0.710476
0.708639
0.678687
0.708966
0.686576
0.690082
0.687763
0.687428
0.687546
0.687665
0.687815
0.687008
0.688149
0.688296
0.688523
0.688643
0.688788
0.689083
0.689150
0.689204
0.688786
0.698112
0.695503
0.698415
0.689108
0.689175
0.689205
0.698708
0.697803
0.689793
0.689860
0.690016
0.689915
0.690331
0.690445
0.690561
0.690424
0.690485
0.690560
0.690625
0.690694
0.690740
0.697745
0.690894
0.700646
0.691063
0.691111
0.700901
0.691290
0.701080
0.691437
0.691557
0.701618
0.701705
0.698050
0.691971
0.692037
0.692106
0.692263
0.702377
0.702517
0.702599
0.692806
0.692885
0.692933
0.692976
0.693059
0.701276
0.693200
0.703033
0.693454
0.703210
0.693309
0.693426
0.693742
0.704223
0.692456
0.701525
0.704328
0.702276
0.705445
0.746137
0.757768
0.758033
0.766224
0.776683
0.795341
0.803946
0.807911
0.809637
0.827739
0.833773
0.834172
0.836834
0.850842
0.854569
0.857209
0.858319
0.864826
0.863908
0.876769
0.884000
0.885469
0.894891
0.894879
0.907992
0.910961
0.917852
0.924610
0.952736
0.954098
0.966279
0.978524
0.995182
1.000858
1.023057
1.031877
1.031776
1.066233
1.072835
1.083265
1.084543
1.087756
1.089108
1.096753
1.099809
1.102206
1.106773
1.122931
1.133617
1.135680
1.172978
1.185340
1.218778
1.222261
1.230789
1.254368
1.256051
1.273752
1.286328
1.286519
1.291212
1.290378
1.327713
1.334028
1.336606
1.335606
1.347472
1.350317
1.337033
1.350306
1.351098
1.371182
1.373245
1.373914
1.380892
1.398231
1.424410
1.485955
1.506859
1.515166
1.516009
1.525991
1.532576
