0.342838
0.342852
0.343343
0.343661
0.343693
0.343745
0.343921
0.344077
0.344179
0.344319
0.344497
0.356151
0.349437
0.356570
0.351504
0.348627
0.346173
0.345988
0.346332
0.346451
0.349936
0.351242
0.351279
0.351544
0.351883
0.352515
0.352545
0.352265
0.352549
0.352573
0.352875
0.353251
0.353343
0.353499
0.353785
0.353965
0.354082
0.354281
0.354376
0.354553
0.354713
0.354788
0.354965
0.355030
0.355158
0.355291
0.355485
0.353113
0.357974
0.358060
0.358189
0.358320
0.358425
0.358580
0.358706
0.358830
0.358954
0.359057
0.359223
0.359364
0.359484
0.359554
0.359703
0.360217
0.360647
0.360785
0.360908
0.361207
0.361328
0.361349
0.361509
0.361614
0.360464
0.360627
0.360739
0.360849
0.360997
0.361157
0.361252
0.361425
0.361849
0.362231
0.362154
0.363160
0.363549
0.364148
0.364245
0.364550
0.364719
0.364828
0.364941
0.365049
0.365208
0.365327
0.365492
0.365838
0.365965
0.366087
0.366210
0.366454
0.366678
0.366591
0.367002
0.367115
0.367223
0.367334
0.367454
0.367667
0.367785
0.367877
0.367885
0.368188
0.368363
0.368830
0.370231
0.370311
0.370414
0.370605
0.370495
0.370868
0.370997
0.371158
0.371291
0.371396
0.371566
0.371685
0.371846
0.371980
0.372076
0.372247
0.372345
0.372529
0.372631
0.372778
0.372894
0.372996
0.373184
0.373284
0.373432
0.373536
0.373704
0.373771
0.373995
0.374144
0.374261
0.374017
0.374218
0.374317
0.374451
0.374532
0.374636
0.374773
0.374909
0.375045
0.375140
0.375345
0.375460
0.375716
0.375851
0.375967
0.376071
0.376098
0.376356
0.376463
0.376575
0.451611
0.452144
0.452361
0.452498
0.452687
0.452819
0.453011
0.453136
0.453348
0.453536
0.453669
0.453820
0.453961
0.454880
0.454160
0.455178
0.455310
0.454758
0.454894
0.454988
0.455183
