0.074896
0.090457
0.089631
0.089076
0.089187
0.090940
0.083857
0.083579
0.088185
0.086972
0.089282
0.089434
0.089572
0.089693
0.089740
0.089792
0.089932
0.090045
0.090079
0.086740
0.090217
0.090325
0.090373
0.090449
0.090550
0.090591
0.083730
0.090748
0.090846
0.090910
0.090946
0.091032
0.091075
0.091154
0.091193
0.091280
0.091384
0.091178
0.091502
0.091598
0.091673
0.091705
0.091779
0.091688
0.091917
0.088074
0.091955
0.092052
0.092161
0.092231
0.092274
0.092878
0.093039
0.093143
0.093271
0.093435
0.093544
0.093660
0.093855
0.093982
0.094006
0.089202
0.089389
0.093772
0.093822
0.093903
0.093877
0.093910
0.093990
0.094048
0.094138
0.094713
0.094819
0.094857
0.094933
0.095029
0.095131
0.095265
0.095413
0.095451
0.095574
0.095708
0.095823
0.095861
0.095996
0.096111
0.096162
0.096234
0.096330
0.096444
0.096494
0.096527
0.096662
0.096845
0.097018
0.097104
0.097213
0.097319
0.060773
0.097507
0.097647
0.097810
0.097884
0.097966
0.066772
0.100482
0.100700
0.100844
0.101302
0.100983
0.104625
0.104814
0.103517
0.105041
0.105123
0.105210
0.105292
0.105317
0.105362
0.105437
0.105517
0.105576
0.105605
0.105666
0.105748
0.105807
0.105879
0.105938
0.105992
0.106057
0.106136
0.106197
0.106226
0.106292
0.106343
0.106383
0.106436
0.106476
0.106509
0.103196
0.105136
0.105198
0.105293
0.105335
0.105396
0.105416
0.105487
0.105528
0.105588
0.105620
0.105698
0.105737
0.105810
0.105854
0.105930
0.105967
0.106038
0.106074
0.106167
0.106261
0.106345
0.106478
0.106584
0.106663
0.102026
0.105554
0.094093
0.102676
0.093626
0.102868
0.102967
0.106288
0.106555
0.106765
0.106654
0.107005
0.107093
0.107201
0.107020
0.107068
0.107184
0.107316
0.107483
0.107630
0.107776
0.107922
0.108071
0.108202
0.108270
0.108417
0.108535
0.108574
0.108641
0.108712
0.106853
0.108876
0.108919
0.108963
0.109906
0.109123
0.109182
0.109168
0.109264
0.109368
0.109414
0.109455
0.109530
0.109621
0.109190
0.109246
0.109305
0.109376
0.109417
0.109489
0.109558
0.109709
0.109865
0.110008
0.111519
0.111737
0.111916
0.112039
0.112417
0.112576
0.112645
0.112152
0.112807
0.112296
0.112356
0.112412
0.112478
0.090580
0.089933
0.097765
0.102572
0.098356
0.097489
0.097554
0.097637
0.097744
0.115528
0.115740
0.115809
0.115864
0.115953
0.116071
0.116125
0.116186
0.116262
0.116328
0.116403
0.116589
0.147642
0.116966
0.117800
0.118937
0.119111
0.119400
0.119515
0.119673
0.119811
0.120762
0.121441
0.121671
0.121809
0.121881
0.122024
0.122138
0.122197
0.122290
0.122386
0.122525
0.122391
0.122493
0.122524
0.122544
0.122658
0.122713
0.122801
0.122905
0.122997
0.123081
0.123168
0.123214
0.123299
0.126814
0.126976
0.127035
0.127117
0.127273
0.127433
0.127579
0.127724
0.127865
0.127998
0.128144
0.128287
0.128428
0.128567
0.128689
0.128835
0.128907
0.128951
0.129007
0.129105
0.129144
0.132539
0.129319
0.129356
0.129410
0.129483
0.129591
0.129678
0.129790
0.129819
0.129912
0.129988
0.130121
0.130161
0.130222
0.130281
0.130340
0.130420
0.133421
0.131651
0.132155
0.132237
0.132308
0.132408
0.132512
0.132607
0.132654
0.132608
0.132791
0.132795
0.132942
0.132916
0.133011
0.133074
0.133196
0.133226
0.133325
0.133440
0.133489
0.170042
0.133648
0.133747
0.133843
0.136349
0.135798
0.135843
0.135935
0.136019
0.136078
0.136150
0.136200
0.136240
0.136357
0.136396
0.132945
0.136546
0.136612
0.136681
0.136797
0.136807
0.136902
0.136992
0.137103
0.137139
0.137272
0.156455
0.153104
0.172116
0.170224
0.170379
0.167197
0.172999
0.173165
0.173311
0.168301
0.168451
0.168781
0.172362
0.179693
0.184193
0.186541
0.187131
0.186331
0.188729
0.188790
0.188895
0.191949
0.193247
0.197535
0.199906
0.200090
0.200167
0.200218
0.200319
0.200378
0.200448
0.200505
0.200570
0.200597
0.200219
0.200302
0.200423
0.201322
0.203932
0.204692
0.208571
0.217598
0.219199
0.226993
0.227514
0.230986
0.233123
0.233187
0.233291
0.233344
0.233416
0.233464
0.233549
0.233599
0.233181
0.233744
0.233820
0.233842
0.233917
0.232886
0.234115
0.234158
0.234234
0.234295
0.243867
0.234459
0.234505
0.234532
0.234621
0.234661
0.234755
0.234799
0.234793
0.234852
0.234904
0.235118
0.235224
0.235490
0.236416
0.236482
0.236657
0.236838
0.237005
0.237088
0.237154
0.237264
0.237310
0.237378
0.237415
0.237516
0.237583
0.237613
0.237703
0.237739
0.237586
0.237887
0.237979
0.237811
0.237906
0.237957
0.275625
0.238076
0.238192
0.275960
0.276373
0.276536
0.276670
0.276804
0.276940
0.277084
0.277215
0.277355
0.277489
0.277536
0.277613
0.277678
0.253693
0.277829
0.222654
0.253889
0.253948
0.254048
0.254137
0.226816
0.226799
0.227013
0.254456
0.254516
0.254595
0.254653
0.254755
0.254806
0.254904
0.254959
0.230481
0.230494
0.230546
0.230598
0.230700
0.230834
0.250483
0.231133
0.231141
0.230593
0.231420
0.231614
0.231656
0.231727
0.231760
0.231845
0.231870
0.231958
0.231995
0.232087
0.232113
0.231970
0.232003
0.232108
0.232214
0.232327
0.232452
0.232487
0.232550
0.231763
0.232701
0.229320
0.232054
0.229453
0.232178
0.232327
0.232269
0.233530
0.233667
0.233794
0.232553
0.234095
0.234240
0.234381
0.234516
0.232554
0.234762
0.285025
0.228145
0.232572
0.228308
0.228395
0.220510
0.228536
0.220670
0.228690
0.228776
0.237990
0.237916
0.237921
0.221198
0.236878
0.236931
0.236964
0.237052
0.237070
0.237164
0.237199
0.236593
0.236701
0.236845
0.236991
0.237074
0.237182
0.237327
0.224384
0.236769
0.236604
0.237244
0.237458
0.236414
0.237427
0.237431
0.237767
0.237953
0.238090
0.238227
0.238356
0.238510
0.235270
0.235747
0.293352
0.235751
0.244837
0.294155
0.294305
0.294475
0.294543
0.294627
0.236197
0.294614
0.236614
0.237330
0.295064
0.271044
0.295235
0.237398
0.295380
0.237582
0.294789
0.237284
0.237325
0.271925
0.296069
0.296196
0.296341
0.296474
0.296608
0.296741
0.296883
0.272617
0.297232
0.239976
0.297389
0.297406
0.243429
0.297574
0.243555
0.297724
0.243705
0.292614
0.243853
0.298053
0.243823
0.298168
0.243959
0.244015
0.272359
0.244208
0.301429
0.279205
0.253308
0.257472
0.314724
0.261276
0.318611
0.265254
0.321348
0.268599
0.323228
0.268390
0.297277
0.267992
0.326244
0.326635
0.268929
0.269024
0.326905
0.269850
0.322630
0.271930
0.346260
0.289285
0.318100
0.289552
0.346882
0.289772
0.282213
0.289603
0.348588
0.291507
0.291166
0.291782
0.292100
0.292832
0.292492
0.350417
0.292791
0.285803
0.293654
0.286152
0.293963
0.287960
0.295877
0.295891
0.330150
0.353430
0.353511
0.349086
0.349147
0.349217
0.342012
0.342064
0.342127
0.342193
0.342237
0.342285
0.342363
0.342443
0.342512
0.342589
0.342639
0.331430
0.331445
0.334875
0.335111
0.335271
0.335394
0.335530
0.335635
0.335763
0.335849
0.338268
0.338506
0.338580
0.338712
0.338785
0.338840
0.338884
0.338903
0.338962
0.333337
0.339107
0.339116
0.339218
0.364071
0.298437
0.339459
0.339491
0.338540
0.338562
0.338612
0.338758
0.338880
0.339001
0.339101
0.339373
0.339492
0.339610
0.339735
0.339861
0.339979
0.340105
0.340642
0.340911
0.340765
0.341033
0.341113
0.341172
0.341073
0.341340
0.341213
0.341302
0.341362
0.341420
0.341472
0.342912
0.343061
0.343081
0.341510
0.343813
0.343866
0.343918
0.305174
0.344052
0.344087
0.342530
0.342631
0.342700
0.342757
0.342553
0.342559
0.338953
0.342698
0.342737
0.342806
0.346200
0.346458
0.309919
0.345356
0.346702
0.346771
0.342240
0.342285
0.342341
0.342423
0.342469
0.342539
0.342623
0.347281
0.347352
0.347434
0.347476
0.347576
0.347988
0.348139
0.348279
0.348411
0.348820
0.348950
0.349069
0.349150
0.345176
0.349292
0.349345
0.349441
0.349488
0.349527
0.349591
0.313752
0.330736
0.345929
0.313969
0.313929
0.719238
0.720957
0.779370
