0.151520
0.136834
0.090552
0.096461
0.247792
0.247992
0.248121
0.248259
0.244291
0.248521
0.262045
0.263952
0.267727
0.269362
0.269366
0.272309
0.275476
0.275770
0.276437
0.276797
0.276694
0.276809
0.276934
0.277333
0.277163
0.277608
0.277759
0.279495
0.279667
0.280123
0.280412
0.280284
0.280425
0.280818
0.280971
0.283612
0.283803
0.283563
0.284060
0.283795
0.283927
0.284047
0.284180
0.284287
0.284397
0.284676
0.284792
0.284992
0.286896
0.287034
0.287156
0.287318
0.287431
0.287574
0.287672
0.287790
0.288130
0.288010
0.288172
0.288365
0.288525
0.290422
0.291544
0.291746
0.291874
0.292972
0.292137
0.293291
0.296736
0.297104
0.302060
0.311745
0.312007
0.312146
0.312832
0.292404
0.292767
0.292574
0.292599
0.292733
0.292859
0.292983
0.293103
0.293229
0.293322
0.293774
0.294072
0.294246
0.294310
0.294446
0.294510
0.294653
0.294736
0.294870
0.294957
0.295051
0.295152
0.295274
0.295401
0.295518
0.295649
0.295744
0.295832
0.295971
0.296067
0.296131
0.296053
0.296327
0.296262
0.306030
0.306193
0.306172
0.306229
0.306177
0.306317
0.306403
0.304902
0.306604
0.306653
0.306722
0.306655
0.306567
0.306589
0.306646
0.306684
0.306256
0.306145
0.306169
0.306219
0.306288
0.306288
0.306330
0.306368
0.306407
0.306431
0.306669
0.306655
0.306696
0.306738
0.306721
0.306800
0.306849
0.306902
0.306953
0.307086
0.307136
0.307176
0.307165
0.307214
0.307033
0.307088
0.307142
0.307186
0.307227
0.307286
0.307301
0.307870
0.308142
0.310883
0.311073
0.311205
0.311352
0.311499
0.311907
0.312054
0.312178
0.312267
0.312769
0.312944
0.313037
0.313161
0.313698
0.313849
0.314038
0.314176
0.308325
0.308582
0.308748
0.308979
0.309091
0.309137
0.309319
0.308082
0.309664
0.309808
0.309944
0.310087
0.310169
0.310232
0.309975
0.310095
0.310225
0.310351
0.310468
0.310528
0.310639
0.310603
0.310659
0.310727
0.310762
0.310805
0.310849
0.311016
0.311091
0.311161
0.312489
0.312546
0.312547
0.312580
0.314875
0.318184
0.318381
0.318505
0.325622
0.326066
0.326325
0.326439
0.326543
0.326631
0.326744
0.326866
0.326948
0.327038
0.327169
0.327327
0.328192
0.328416
0.328543
0.328740
0.328847
0.329030
0.329232
0.329380
0.329550
0.329717
0.329852
0.330017
0.372884
0.330435
0.330642
0.331486
0.331689
0.331742
0.331699
0.331778
0.331878
0.329757
0.329756
0.329902
0.330003
0.331113
0.332072
0.332325
0.332536
0.332633
0.333336
0.248782
0.333841
0.334047
0.334209
0.334328
0.334372
0.334483
0.334557
0.334622
0.334700
0.334770
0.334902
0.335044
0.336539
0.336765
0.337085
0.338148
0.338219
0.338289
0.338182
0.338203
0.338162
0.338181
0.338362
0.338482
0.338645
0.339027
0.339084
0.339124
0.339207
0.339378
0.341408
0.341966
0.342062
0.342157
0.342266
0.342285
0.342339
0.342358
0.342444
0.342655
0.342674
0.343075
0.343106
0.343393
0.346610
0.347281
0.348987
0.349451
0.350248
0.350358
0.350439
0.350628
0.350638
0.350651
0.350674
0.350061
0.351003
0.351030
0.351268
0.351270
0.351321
0.351373
0.351513
0.351605
0.351663
0.351702
0.351784
0.352016
0.352167
0.352266
0.352320
0.352459
0.352553
0.352607
0.352773
0.352357
0.352596
0.352599
0.352661
0.352840
0.352862
0.352969
0.352972
0.353145
0.353179
0.353214
0.353255
0.353245
0.353294
0.353325
0.353367
0.353430
0.353515
0.353596
0.353673
0.353661
0.353690
0.353656
0.353690
0.353854
0.353920
0.354114
0.354312
0.354464
0.354578
0.354590
0.354631
0.354630
0.354669
0.354646
0.354699
0.354772
0.354572
0.355436
0.359469
0.366989
0.367442
0.367537
0.367555
0.367635
0.367708
0.367796
0.367882
0.367954
0.344279
0.368084
0.368228
0.368732
0.368945
0.369482
0.369745
0.369895
0.370033
0.370118
0.370285
0.370396
0.370497
0.370580
0.371027
0.371013
0.371096
0.371184
0.371298
0.372347
0.372622
0.373973
0.374028
0.374063
0.374131
0.374178
0.374397
0.374492
0.374537
0.374725
0.374701
0.374663
0.264831
0.374827
0.264818
0.374957
0.375403
0.375365
0.375553
0.376340
0.376631
0.376818
0.376813
0.376933
0.375938
0.376958
0.376991
0.376957
0.376976
0.377018
0.377049
0.377065
0.377129
0.377256
0.377753
0.377866
0.378048
0.378604
0.378776
0.378870
0.378959
0.379084
0.376471
0.379362
0.379512
0.379594
0.379653
0.379705
0.379686
0.379697
0.379674
0.379724
0.380215
0.380312
0.380375
0.380360
0.380480
0.380679
0.380993
0.381098
0.381208
0.381342
0.381414
0.381497
0.381640
0.381722
0.381800
0.381885
0.382800
0.383042
0.383119
0.383234
0.384404
0.384742
0.384996
0.385100
0.385102
0.385091
0.385117
0.385170
0.385113
0.385322
0.385387
0.385541
0.385710
0.385875
0.385938
0.385917
0.385950
0.385937
0.386007
0.386139
0.386290
0.386467
0.386598
0.386626
0.386672
0.386702
0.386793
0.386797
0.386809
0.386889
0.386793
0.386986
0.387016
0.387236
0.387392
0.387577
0.387737
0.387904
0.388057
0.388309
0.385461
0.388598
0.388705
0.388833
0.388941
0.389066
0.389184
0.389295
0.389433
0.389565
0.389811
0.389913
0.389991
0.390126
0.390240
0.390611
0.390811
0.390974
0.390999
0.391054
0.391073
0.391108
0.391099
0.391789
0.391961
0.392010
0.392097
0.392157
0.392240
0.392324
0.392482
0.392856
0.393042
0.393076
0.393123
0.393157
0.393231
0.393768
0.394281
0.394423
0.394555
0.394668
0.394088
0.394968
0.395133
0.395149
0.395318
0.395493
0.396089
0.396195
0.396274
0.396458
0.396565
0.394995
0.397445
0.397420
0.397531
0.397663
0.397694
0.397648
0.397697
0.397740
0.397741
0.397774
0.397901
0.398076
0.398272
0.398906
0.399084
0.399153
0.399298
0.399385
0.399501
0.399624
0.400162
0.400371
0.400577
0.400480
0.400606
0.400824
0.400887
0.400994
0.401285
0.401846
0.401999
0.402122
0.402245
0.402329
0.402476
0.402572
0.402664
0.402668
0.402667
0.402727
0.402743
0.402726
0.401919
0.402934
0.403369
0.403639
0.403712
0.403738
0.403759
0.403742
0.403754
0.403748
0.403781
0.403791
0.403832
0.403957
0.404068
0.404193
0.404267
0.404420
0.405166
0.405601
0.409427
0.409767
0.409863
0.409884
0.409993
0.410170
0.410347
0.410540
0.410438
0.410923
0.411133
0.411255
0.411551
0.411659
0.411780
0.411891
0.411967
0.412044
0.412128
0.412219
0.412403
0.412730
0.412763
0.412804
0.412887
0.412968
0.413077
0.413267
0.413367
0.413399
0.413462
0.413475
0.413585
0.411887
0.414030
0.414142
0.414278
0.414385
0.414489
0.414631
0.414694
0.414751
0.414820
0.414894
0.414972
0.415101
0.415128
0.415145
0.415172
0.415255
0.415537
0.415642
0.415622
0.415649
0.415665
0.415653
0.415630
0.412484
0.415655
0.415953
0.416514
0.416658
0.416780
0.416909
0.416992
0.417079
0.417210
0.417279
0.417306
0.417454
0.417639
0.417669
0.417671
0.417745
0.417803
0.426956
0.427100
0.428355
0.428489
0.428584
0.428684
0.428734
0.428859
0.428567
0.428543
0.428590
0.428605
0.428445
0.428368
0.428475
0.428648
0.428736
0.428835
0.428788
0.428959
0.429152
0.429175
0.431418
0.432097
0.427027
0.432320
0.431598
0.432413
0.432553
0.432655
0.432099
0.432880
0.432975
0.433070
0.434640
0.440207
0.439756
0.440512
0.441032
0.441568
0.443071
0.443197
0.443322
0.443471
0.443587
0.443494
0.443583
0.443688
0.443835
0.443931
0.443849
0.444171
0.444269
0.444269
0.444398
0.444529
0.446746
0.446885
0.447040
0.447747
0.447883
0.447991
0.448072
0.448175
0.450169
0.450331
0.450478
0.450635
0.450739
0.450946
0.451024
0.451148
0.451288
0.451420
0.451536
0.448643
0.448724
0.451270
0.451328
0.452888
0.452911
0.452966
0.453075
0.453180
0.453258
0.453360
0.453460
0.453553
0.453659
0.453733
0.453844
0.453954
0.454097
0.454115
0.454170
0.454566
0.454646
0.454387
0.454718
0.454725
0.454756
0.454785
0.454816
0.450765
0.454848
0.454907
0.454871
0.454937
0.454942
0.454981
0.455060
0.455777
0.455923
0.456005
0.456113
0.456188
0.456242
0.456310
0.456378
0.456368
0.456326
0.456186
0.456181
0.456162
0.456214
0.456287
0.456641
0.456745
0.456787
0.457182
0.457248
0.457480
0.457547
0.461086
0.461159
0.461713
0.462134
0.462303
0.462528
0.462782
0.462976
0.463235
0.463319
0.463490
0.463602
0.463692
0.463714
0.463797
0.463842
0.464013
0.464055
0.464781
0.465077
0.465312
0.465591
0.465886
0.465967
0.466097
0.466156
0.466151
0.466221
0.466191
0.466186
0.466185
0.466183
0.466193
0.466207
0.466197
0.466185
0.466145
0.466147
0.466145
0.466143
0.466152
0.467107
0.467255
0.467329
0.467373
0.467450
0.467518
0.467585
0.467662
0.467709
0.467785
0.467978
0.468002
0.468084
0.468147
0.468285
0.468314
0.466980
0.468094
0.468647
0.468793
0.469145
0.469302
0.469392
0.469503
0.469587
0.469499
0.469756
0.469688
0.470118
0.470335
0.470450
0.470480
0.470979
0.471228
0.471458
0.471650
0.471877
0.472166
0.472298
0.473146
0.476190
0.476612
0.476889
0.477119
0.477482
0.481475
0.485635
0.488138
0.488181
0.488489
0.488839
0.489101
0.491158
0.491908
0.492633
0.495168
0.495294
0.495393
0.495490
0.495577
0.495625
0.495778
0.495833
0.495914
0.495979
0.496052
0.496134
0.496419
0.496509
0.496577
0.496702
0.497201
0.497293
0.497367
0.497433
0.502784
0.503220
0.503646
0.504934
0.505044
0.505099
0.505235
0.505292
0.505377
0.505377
0.505361
0.505413
0.505416
0.505467
0.505523
0.505646
0.506006
0.506014
0.506052
0.506075
0.505637
0.505072
0.505712
0.505861
0.505925
0.506006
0.506162
0.506247
0.506362
0.506437
0.506548
0.507156
0.507303
0.507366
0.507481
0.507548
0.507628
0.507742
0.507890
0.507966
0.508002
0.508138
0.508187
0.508280
0.508226
0.508598
0.508622
0.508596
0.508673
0.508758
0.508882
0.508941
0.509005
0.509074
0.509111
0.509445
0.509523
0.509725
0.509820
0.509895
0.509994
0.513564
0.513633
0.513685
0.513790
0.513980
0.514146
0.514224
0.514242
0.514338
0.514399
0.514586
0.514724
0.515268
0.515264
0.515267
0.515362
0.515475
0.515615
0.515705
0.515844
0.528560
0.528854
0.528938
0.528950
0.529060
0.529084
0.529225
0.529566
0.529853
0.529982
0.529895
0.530148
0.530528
0.530651
0.530904
0.531134
0.531352
0.531596
0.531747
0.531973
0.532162
0.532302
0.532328
0.532379
0.532471
0.532512
0.532590
0.532629
0.532692
0.532763
0.532695
0.532740
0.532807
0.532868
0.532927
0.532982
0.533044
0.533101
0.533124
0.533181
0.533248
0.533301
0.533416
0.533534
0.534310
0.534444
0.534479
0.534719
0.534835
0.534834
0.534868
0.534910
0.534941
0.534988
0.535067
0.535135
0.535291
0.535409
0.535483
0.535598
0.535681
0.535744
0.535781
0.535845
0.536389
0.536667
0.536813
0.537094
0.537133
0.537241
0.537273
0.537340
0.537353
0.537422
0.537458
0.537490
0.537538
0.537584
0.537595
0.537593
0.537722
0.537706
0.537784
0.538137
0.538429
0.538980
0.539047
0.539173
0.539254
0.539230
0.539274
0.538637
0.538603
0.538591
0.538595
0.538538
0.538283
0.538254
0.538262
0.538338
0.538306
0.538452
0.538461
0.538530
0.538526
0.538540
0.538553
0.533121
0.537997
0.538772
0.538896
0.539023
0.539143
0.539153
0.539275
0.539361
0.539377
0.540398
0.540982
0.541421
0.541799
0.542598
0.481214
0.542218
0.542249
0.542318
0.542253
0.542364
0.542477
0.542588
0.542705
0.542698
0.542801
0.542921
0.543065
0.543400
0.543587
0.543971
0.544182
0.544318
0.544556
0.544618
0.544606
0.544656
0.544703
0.544748
0.545094
0.545016
0.545168
0.545311
0.545395
0.545529
0.545634
0.546268
0.546428
0.543881
0.543963
0.543997
0.544057
0.544034
0.541308
0.541382
0.541537
0.549193
0.549239
0.548959
0.544982
0.543433
0.547389
0.548524
0.548603
0.548786
0.548806
0.548852
0.548921
0.549414
0.549553
0.549664
0.549736
0.549894
0.549996
0.550126
0.550223
0.550371
0.550485
0.550733
0.551101
0.551217
0.551439
0.551660
0.551706
0.548523
0.551819
0.500005
0.559364
0.496296
0.553505
0.553305
0.552689
0.552802
0.552925
0.553049
0.553154
0.553316
0.553434
0.553939
0.554086
0.550095
0.554279
0.554351
0.554374
0.554441
0.554420
0.554477
0.554488
0.554547
0.557235
0.557265
0.558030
0.558060
0.558572
0.556222
0.556801
0.556933
0.559735
0.566367
0.505930
0.566437
0.560166
0.560274
0.560396
0.560500
0.560881
0.561080
0.561184
0.561327
0.561455
0.561527
0.562202
0.562329
0.562759
0.562908
0.564206
0.565145
0.565430
0.565544
0.565690
0.565904
0.566158
0.566888
0.566986
0.567105
0.567200
0.567349
0.567442
0.567602
0.567738
0.567839
0.568543
0.568592
0.568602
0.568659
0.568676
0.568701
0.568732
0.567523
0.568847
0.568908
0.568914
0.568988
0.569117
0.571476
0.571283
0.516394
0.571217
0.571419
0.571225
0.567121
0.570613
0.570641
0.570723
0.570720
0.570747
0.570781
0.570890
0.571020
0.571023
0.571089
0.571202
0.571539
0.574718
0.574809
0.579197
0.578995
0.578889
0.576324
0.576321
0.575886
0.577505
0.577537
0.577588
0.577659
0.577831
0.577661
0.577706
0.578249
0.582855
0.583075
0.583191
0.583225
0.583378
0.583451
0.582942
0.584263
0.584394
0.584481
0.584572
0.584651
0.584773
0.584895
0.584947
0.584992
0.585092
0.585153
0.585986
0.586667
0.586822
0.586941
0.587784
0.587907
0.587897
0.587953
0.588040
0.588008
0.588168
0.590809
0.588896
0.591497
0.590974
0.590799
0.590037
0.590718
0.590643
0.590404
0.590512
0.590596
0.590651
0.590744
0.590803
0.590845
0.590933
0.591151
0.591569
0.591467
0.591484
0.591570
0.591569
0.591644
0.591645
0.591648
0.591179
0.591204
0.591260
0.591351
0.591470
0.591546
0.591653
0.592951
0.593194
0.593212
0.593184
0.593141
0.593198
0.593242
0.593617
0.593712
0.593788
0.593780
0.593817
0.593853
0.591133
0.593997
0.593948
0.594028
0.601092
0.597707
0.597807
0.597336
0.596457
0.594999
0.596265
0.595166
0.595373
0.595435
0.595499
0.595556
0.595651
0.595755
0.595898
0.596317
0.594230
0.596523
0.596572
0.596569
0.596641
0.596691
0.596813
0.596813
0.597070
0.597098
0.597167
0.599315
0.599375
0.599576
0.599740
0.599837
0.600018
0.600052
0.600094
0.600176
0.600224
0.600417
0.602207
0.602377
0.602757
0.602826
0.602943
0.602971
0.603056
0.603058
0.603120
0.603110
0.603193
0.603235
0.603371
0.603513
0.606437
0.604439
0.606498
0.606080
0.605845
0.605168
0.605237
0.605657
0.569847
0.603127
0.605545
0.605619
0.605258
0.603237
0.605399
0.605479
0.605841
0.605959
0.606024
0.606112
0.606106
0.606174
0.606187
0.606276
0.606244
0.606350
0.606430
0.606520
0.606638
0.606643
0.606702
0.606705
0.606779
0.606808
0.606857
0.606915
0.606942
0.606992
0.607150
0.607237
0.607225
0.607219
0.607253
0.607296
0.607402
0.607681
0.607731
0.607771
0.613760
0.610848
0.610297
0.610012
0.609663
0.609362
0.609029
0.608258
0.608277
0.608346
0.608314
0.608343
0.608338
0.606503
0.609059
0.609348
0.609395
0.609553
0.609579
0.609670
0.609664
0.609631
0.609679
0.609718
0.609730
0.609788
0.609804
0.609801
0.609807
0.609885
0.609914
0.609940
0.610556
0.610617
0.610583
0.610639
0.610716
0.610815
0.610930
0.610995
0.611091
0.611140
0.611293
0.611531
0.611643
0.611729
0.611819
0.611934
0.616907
0.614570
0.614652
0.614933
0.614951
0.614670
0.614461
0.614167
0.613806
0.614008
0.692343
0.613788
0.614494
0.614481
0.614565
0.614659
0.614721
0.614802
0.614928
0.615001
0.615155
0.615733
0.615800
0.615442
0.615519
0.615530
0.615526
0.615601
0.615603
0.615630
0.615710
0.615845
0.615616
0.616102
0.616149
0.616208
0.616211
0.616231
0.616562
0.616605
0.616700
0.616805
0.616841
0.614032
0.617081
0.622622
0.622807
0.622862
0.622892
0.623007
0.621648
0.621804
0.621985
0.622086
0.622203
0.622317
0.622099
0.622191
0.622304
0.622411
0.625881
0.625995
0.630558
0.631378
0.631848
0.631839
0.634525
0.633006
0.632539
0.632662
0.632775
0.632882
0.633102
0.633190
0.633309
0.633436
0.633790
0.634192
0.634645
0.634720
0.635002
0.623019
0.635538
0.635733
0.635788
0.635992
0.636068
0.636168
0.636740
0.636911
0.640280
0.640642
0.640678
0.640797
0.640921
0.643214
0.644496
0.644691
0.644802
0.644930
0.647205
0.647384
0.647565
0.647686
0.647798
0.647893
0.648609
0.648754
0.650633
0.652187
0.652227
0.652089
0.652172
0.651796
0.657236
0.658466
0.658398
0.658567
0.658671
0.658809
0.658918
0.659090
0.659533
0.659709
0.659794
0.659921
0.659997
0.660039
0.660112
0.660148
0.660227
0.658617
0.658642
0.658636
0.658846
0.659405
0.659532
0.659663
0.654935
0.654964
0.654033
0.654165
0.654893
0.654962
0.655010
0.655084
0.652297
0.652297
0.652274
0.652347
0.652473
0.652492
0.653034
0.653143
0.653155
0.653372
0.653443
0.654104
0.666169
0.654678
0.666635
0.665084
0.660034
0.655834
0.655806
0.654206
0.656054
0.656166
0.656202
0.656276
0.656255
0.656321
0.656375
0.656409
0.656480
0.656501
0.662317
0.662429
0.663014
0.662526
0.662619
0.658754
0.662886
0.663302
0.663371
0.663421
0.663497
0.663571
0.663658
0.663688
0.663694
0.664779
0.664817
0.664771
0.664912
0.665044
0.665167
0.665309
0.665343
0.665507
0.665583
0.665674
0.665909
0.660046
0.668313
0.668069
0.667887
0.667037
0.666095
0.666862
0.666746
0.666320
0.666368
0.666435
0.666479
0.666535
0.666604
0.666669
0.666728
0.666781
0.667482
0.667503
0.667633
0.666155
0.666234
0.666359
0.666465
0.666594
0.666667
0.666795
0.666943
0.667106
0.667168
0.667211
0.667309
0.667327
0.667748
0.667888
0.668039
0.668176
0.668300
0.668432
0.668584
0.671339
0.671684
0.671775
0.671945
0.672349
0.672463
0.673169
0.673202
0.673225
0.675794
0.673279
0.675821
0.674257
0.674528
0.674734
0.675009
0.675088
0.675248
0.675395
0.675586
0.675675
0.675811
0.675936
0.675366
0.675429
0.676793
0.676901
0.677225
0.677557
0.677881
0.678775
0.678885
0.678666
0.677969
0.678072
0.678201
0.678697
0.678376
0.679174
0.679501
0.679614
0.679943
0.680333
0.680419
0.680634
0.680761
0.680863
0.681184
0.681635
0.686954
0.687916
0.688356
0.688432
0.688601
0.688726
0.688852
0.688929
0.698498
0.692400
0.691715
0.690310
0.690311
0.690509
0.649959
0.690999
0.691281
0.691560
0.691827
0.691946
0.692114
0.692219
0.692373
0.692583
0.692642
0.692725
0.692975
0.693059
0.693307
0.693335
0.693383
0.693009
0.693639
0.694227
0.694298
0.694422
0.694546
0.694660
0.694790
0.694898
0.695016
0.695142
0.695261
0.695371
0.695403
0.695503
0.695620
0.695912
0.695974
0.696047
0.696107
0.696175
0.696224
0.696297
0.696402
0.696511
0.697385
0.697293
0.697242
0.697156
0.697108
0.696926
0.697775
0.697844
0.699111
0.699357
0.699490
0.699622
0.699766
0.699903
0.700030
0.717078
0.717465
0.718016
0.718899
0.719463
0.727395
0.727489
0.728197
0.729101
0.730238
0.730934
0.731129
0.731266
0.731302
0.731365
0.731415
0.731453
0.731152
0.731579
0.731665
0.731707
0.731769
0.732046
0.732140
0.732284
0.732405
0.732491
0.732614
0.732699
0.732709
0.733237
0.733545
0.734209
0.734532
0.734880
0.736122
0.697219
0.697028
0.737173
0.737161
0.737195
0.736935
0.737035
0.737204
0.737274
0.737484
0.737563
0.737763
0.737812
0.737994
0.738664
0.738949
0.739213
0.739510
0.739769
0.739992
0.740089
0.740264
0.740357
0.740523
0.740717
0.740820
0.741082
0.741331
0.741568
0.742546
0.742684
0.742962
0.743140
0.743275
0.743527
0.743778
0.743918
0.744162
0.744411
0.744837
0.744973
0.745359
0.745500
0.745739
0.707660
0.746804
0.746816
0.747236
0.747563
0.747488
0.747886
0.748680
0.748938
0.749455
0.749673
0.749924
0.750528
0.750868
0.751051
0.751230
0.751354
0.751473
0.751618
0.751750
0.751896
0.752031
0.752172
0.752308
0.752428
0.752691
0.752829
0.753090
0.753624
0.753791
0.753928
0.754178
0.755119
0.756294
0.756884
0.757052
0.757301
0.757467
0.757605
0.757858
0.757986
0.758513
0.758582
0.758628
0.758712
0.758754
0.758784
0.759000
0.759732
0.721626
0.759724
0.759655
0.759200
0.759698
0.759326
0.759780
0.759507
0.759923
0.760516
0.760898
0.759877
0.761144
0.761311
0.761389
0.761515
0.761566
0.761621
0.761691
0.761782
0.761875
0.761551
0.761595
0.761658
0.761690
0.761759
0.761796
0.761873
0.761906
0.761965
0.762021
0.762495
0.762654
0.762856
0.762933
0.762965
0.763037
0.763075
0.763127
0.763002
0.763261
0.763315
0.763343
0.763414
0.763459
0.763497
0.762295
0.764011
0.764371
0.728378
0.765706
0.765329
0.765342
0.766069
0.765956
0.766065
0.766203
0.766333
0.765777
0.767158
0.767254
0.767342
0.767480
0.767526
0.767647
0.767719
0.767778
0.767831
0.767374
0.767951
0.767999
0.768037
0.768099
0.768139
0.768190
0.768247
0.768371
0.768458
0.768596
0.768849
0.768986
0.769213
0.769059
0.769629
0.771090
0.771356
0.771448
0.771561
0.771649
0.771764
0.771813
0.771848
0.773977
0.772751
0.772833
0.772856
0.772962
0.772871
0.772739
0.772973
0.772872
0.773011
0.773137
0.773252
0.773314
0.773375
0.773437
0.773485
0.773555
0.773617
0.773726
0.773855
0.773979
0.774055
0.774098
0.774171
0.774209
0.774272
0.774902
0.775092
0.775402
0.807582
0.776177
0.776601
0.776439
0.776932
0.777071
0.777203
0.777344
0.777487
0.777634
0.777766
0.777937
0.778225
0.778424
0.779233
0.779409
0.779471
0.779535
0.779552
0.780396
0.743479
0.780395
0.780347
0.780277
0.780006
0.780283
0.780122
0.780159
0.780212
0.781149
0.781391
0.782172
0.782385
0.782532
0.782632
0.782760
0.783582
0.783713
0.783840
0.783967
0.784081
0.767875
0.825135
0.766655
0.784656
0.784679
0.784794
0.784822
0.784870
0.784997
0.785429
0.785579
0.785675
0.785819
0.785927
0.786177
0.786134
0.786337
0.838651
0.786800
0.786969
0.787107
0.787190
0.787331
0.787445
0.787514
0.787564
0.787629
0.787692
0.787734
0.787794
0.787822
0.787894
0.787948
0.787997
0.788047
0.788109
0.788150
0.788266
0.788605
0.788710
0.788779
0.788914
0.789427
0.789217
0.789550
0.789595
0.848725
0.790182
0.786912
0.847698
0.844598
0.841975
0.843480
0.840340
0.836799
0.785956
0.839711
0.785384
0.833904
0.793332
0.776904
0.776621
0.829253
0.776599
0.794030
0.827096
0.822308
0.821359
0.760677
0.799869
0.761046
0.804915
0.822831
0.761729
0.808944
0.761848
0.798124
0.802931
0.762258
0.801334
0.804971
0.762421
0.803093
0.760634
0.800950
0.800878
0.800224
0.800142
0.798935
0.798123
0.762816
0.797166
0.797824
0.761513
0.796899
