0.523965
0.525204
0.524882
0.525647
0.533177
0.533373
0.533633
0.534115
0.534158
0.534461
0.534584
0.534740
0.534856
0.535015
0.538576
0.535581
0.539088
0.537785
0.537829
0.537917
0.540167
0.535876
0.540721
0.540883
0.535973
0.536390
0.536661
0.536607
0.538603
0.539012
0.539286
0.539574
0.539889
0.540428
0.540600
0.540789
0.540926
0.541025
0.541156
0.541213
0.541465
0.541574
0.541648
0.539439
0.541441
0.541576
0.541683
0.541967
0.542093
0.542227
0.542338
0.542459
0.542586
0.542725
0.542888
0.543007
0.543171
0.543305
0.543460
0.543549
0.543681
0.543811
0.543919
0.544094
0.544798
0.544989
0.545367
0.545775
0.546212
0.546769
0.546951
0.547090
0.547231
0.546303
0.546678
0.546799
0.546009
0.546054
0.547106
0.547176
0.547269
0.547349
0.547447
0.547495
0.547580
0.547612
0.547794
0.547902
0.548075
0.548182
0.548347
0.548442
0.548593
0.548703
0.548841
0.549056
0.549379
0.549552
0.548458
0.549943
0.550053
0.550169
0.550282
0.550408
0.550561
0.550692
0.550821
0.550921
0.551095
0.551243
0.551361
0.551501
0.551629
0.552170
0.552467
0.552765
0.553049
0.553199
0.553321
0.553439
0.553651
0.553756
0.553920
0.554064
0.554152
0.554276
0.554438
0.554571
0.554714
0.554737
0.555131
0.555186
0.555303
0.555353
0.555405
0.554431
0.555550
0.555897
0.556144
0.556342
0.556499
0.556600
0.556817
0.557319
0.557347
0.557729
0.558107
0.558528
0.559060
0.559215
0.559419
0.559562
0.559787
0.559928
0.560027
0.560192
0.560287
0.560441
0.560533
0.560708
0.560810
0.560951
0.561045
0.560920
0.561225
0.561336
0.561400
0.561543
0.557362
0.557585
0.558946
0.558986
0.558969
0.559114
0.559199
0.559346
0.559454
0.559607
0.559717
0.559868
0.559990
0.560136
0.560254
0.560382
0.560503
0.560211
0.560337
0.560459
0.560560
0.560678
0.560794
0.560880
