1.117064
1.099841
1.358097
1.353250
1.357350
1.358777
1.358936
1.359180
1.359175
1.359350
1.359460
1.359629
1.359780
1.355481
1.359212
1.359263
1.359567
1.360612
1.360665
1.360837
1.361195
1.361399
1.361564
1.361917
1.362252
1.362370
1.362608
1.362753
1.362927
1.363254
1.363278
1.363492
1.354419
1.363894
1.329180
1.366898
1.366566
1.363539
1.367472
1.367493
1.367840
1.367989
1.368102
1.368548
1.369112
1.371393
1.373229
1.371621
1.373931
1.370560
1.372162
1.372287
1.372416
1.372579
1.372669
1.372796
1.372815
1.372967
1.373101
1.373245
1.370704
1.368906
1.372667
1.372826
1.373197
1.373227
1.373458
1.373481
1.373691
1.373955
1.374313
1.374531
1.374552
1.374678
1.375048
1.375095
1.375216
1.375499
1.375664
1.375801
1.375940
1.376082
1.376186
1.376318
1.376438
1.376831
1.376861
1.377731
1.377770
1.377767
1.377929
1.378561
1.379441
1.380244
1.380407
1.380565
1.380675
1.380441
1.380552
1.380774
1.380883
1.380977
1.381091
1.381242
1.381521
1.381689
1.381790
1.382042
1.382061
1.382171
1.382610
1.383016
1.383412
1.384365
1.379821
1.383880
1.384123
1.384332
1.384563
1.384707
1.384916
1.384981
1.385085
1.385230
1.385319
1.385484
1.385689
1.385862
1.386020
1.386217
1.386346
1.386525
1.386655
1.386888
1.387011
1.387994
1.388044
1.388066
1.388051
1.388579
1.388759
1.388695
1.388727
1.388847
1.389090
1.389316
1.389508
1.389393
1.389546
1.389697
1.389814
1.389933
1.390052
1.390219
1.390327
1.390445
1.390613
1.390754
1.390898
1.391023
1.391146
1.391246
1.391349
1.391514
1.391555
1.391790
1.392017
1.392025
1.392144
1.392248
1.392365
1.392493
1.392617
1.392768
1.392893
1.392990
1.393413
1.393704
1.393821
1.393954
1.394320
1.394510
1.395240
1.395272
1.395283
1.395367
1.395700
1.396061
1.396428
1.396814
1.397187
1.397652
1.397946
1.398104
1.398431
1.398587
1.398643
1.398805
1.397835
1.399092
1.399207
1.398266
1.398368
1.398554
1.398664
1.398824
1.399055
1.399175
1.399298
1.399378
1.395863
1.399676
1.399771
1.399853
1.399944
1.400076
1.400175
1.400253
1.400417
1.400512
1.400686
1.400805
1.400994
1.401118
1.401225
1.401301
1.401459
1.401607
1.401714
1.401922
1.402442
1.402917
1.403095
1.403203
1.403369
1.403363
1.399985
1.403905
1.403929
1.404295
1.404489
1.404518
1.405200
1.405682
1.408483
1.413548
1.414420
1.415500
1.415258
1.415289
1.416291
1.416325
1.416437
1.416559
1.416681
1.416815
1.416951
1.417166
1.417185
1.417289
1.417428
1.417533
1.417705
1.417842
1.417956
1.418085
1.418239
1.418317
1.418494
1.418587
1.406771
1.404987
1.409578
1.409441
1.394767
1.409698
1.406279
1.410007
1.410086
1.410204
1.410379
1.410499
1.410603
1.410762
1.410931
1.418164
1.411227
1.411312
1.411484
1.411613
1.411716
1.411874
1.412010
1.412107
1.412254
1.412330
1.412487
1.412609
1.412765
1.413329
1.413371
1.413604
1.413741
1.413742
1.413972
1.414072
1.414502
1.414842
1.415202
1.415569
1.415957
1.416368
1.416622
1.416755
1.416916
1.417073
1.417180
1.417340
1.417441
1.417591
1.417705
1.417848
1.418013
1.418130
1.418268
1.418397
1.418537
1.418590
1.418712
1.418826
1.418928
1.419293
1.419349
1.419502
1.419619
1.419664
1.419616
1.419864
1.419968
1.420127
1.420276
1.420358
1.420680
1.420689
1.420702
1.429588
1.421006
1.421115
1.421429
1.421441
1.421595
1.421689
1.421948
1.422061
1.422173
1.422267
1.422593
1.422611
1.422586
1.422961
1.422970
1.423081
1.423345
1.423640
1.423671
1.423789
1.424069
1.424097
1.424295
1.424529
1.424540
1.424660
1.424830
1.425041
1.434690
1.434827
1.434956
1.435080
1.435235
1.435382
1.435515
1.435592
1.435719
1.436122
1.436166
1.436563
1.436973
1.437199
1.437574
1.437877
1.438258
1.438396
1.438499
1.438611
1.438750
1.438896
1.439011
1.439149
1.439274
1.439418
1.439552
1.439659
1.439830
1.439934
1.440097
1.440187
1.440285
1.440411
1.440518
1.440523
1.440688
1.440793
1.440832
1.440882
1.440990
1.441044
1.441187
1.442481
1.442712
1.443342
1.443970
1.444162
1.444397
1.444505
1.444959
1.445080
1.445151
1.445235
1.445351
1.445423
1.445507
1.445590
1.446028
1.446177
1.446277
1.446328
1.446378
1.446411
1.446518
1.446653
1.446900
1.447010
1.447170
1.447220
1.447280
1.447353
1.447399
1.447506
1.447722
1.447890
1.447953
1.448015
1.448028
1.448117
1.448166
1.448256
1.448552
1.448726
1.448907
1.449082
1.449235
1.449405
1.449588
1.449732
1.449781
1.449923
1.450045
1.450034
1.450083
1.450166
1.450043
1.450189
1.450221
1.450280
1.450329
1.450504
1.450556
1.450828
1.450874
1.451113
1.431364
1.452547
1.453453
1.454503
1.454820
1.454964
1.455035
1.455140
1.454729
1.454820
1.454879
1.454943
1.454950
1.455014
1.455083
1.455147
1.455203
1.454299
1.454319
1.455448
1.451579
1.441531
1.452605
1.452688
1.452764
1.452850
1.452989
1.453219
1.453336
1.453398
1.453407
1.453488
1.453597
1.453718
1.453853
1.453963
1.454031
1.454156
1.454192
1.454314
1.454393
1.454544
1.454655
1.454754
1.454840
1.454953
1.455196
1.455482
1.455759
1.455847
1.455974
1.456151
1.456321
1.456424
1.456457
1.456531
1.456675
1.456750
1.456814
1.456951
1.457029
1.457058
1.457154
1.447701
1.457743
1.458227
1.458347
1.435442
1.458779
1.458851
1.458893
1.459042
1.459156
1.459223
1.437450
1.436489
1.458972
1.458932
1.458883
1.441140
1.437153
1.459099
1.437386
1.437520
1.459481
1.459607
1.459713
1.459771
1.459853
1.460054
1.460237
1.460391
1.460493
1.460598
1.460641
1.460787
1.460831
1.460888
1.460977
1.461038
1.461181
1.461263
1.461380
1.461466
1.461497
1.461562
1.461594
1.461698
1.461734
1.461821
1.461846
1.461942
1.461986
1.462056
1.462077
1.462202
1.462429
1.462929
1.463040
1.463167
1.463153
1.456412
1.463456
1.463583
1.463780
1.463965
1.464073
1.464243
1.464417
1.464642
1.464814
1.464977
1.465145
1.465315
1.465451
1.465615
1.465783
1.465950
1.466130
1.466303
1.466519
1.466690
1.466735
1.466818
1.466859
1.466953
1.466980
1.467082
1.467228
1.467361
1.467521
1.467675
1.467902
1.468040
1.468094
1.468160
1.468228
1.468311
1.468341
1.468447
1.468471
1.468576
1.468595
1.468706
1.468740
1.468822
1.468810
1.466929
1.467039
1.467292
1.466024
1.466196
1.466361
1.466420
1.466459
1.466539
1.466608
1.466649
1.466675
1.466929
1.466898
1.467331
1.467262
1.467426
1.467562
1.467715
1.467871
1.468008
1.468152
1.468235
1.468386
1.468547
1.468750
1.468909
1.469321
1.469484
1.469662
1.469995
1.470041
1.470098
1.470147
1.470241
1.470489
1.470158
1.470818
1.470866
1.470460
1.470533
1.470564
1.470666
1.470923
1.471071
1.471209
1.471217
1.471354
1.471442
1.471625
1.471796
1.472054
1.472242
1.472328
1.472383
1.472528
1.472628
1.472763
1.472894
1.472944
1.472993
1.473064
1.473125
1.473197
1.473320
1.473480
1.473411
1.473767
1.473817
1.480467
1.475383
1.480612
1.480683
1.480762
1.480966
1.481134
1.481309
1.477410
1.477463
1.477596
1.477671
1.477747
1.477865
1.477919
1.477207
1.477403
1.477589
1.477760
1.473394
1.476907
1.478282
1.478448
1.478624
1.479116
1.479208
1.472530
1.469678
1.468943
1.469060
1.469199
1.478989
1.454961
1.476939
1.455787
1.476533
1.456129
1.457130
1.474011
1.474153
1.474244
1.477666
1.477854
1.478012
1.478285
1.478369
1.478416
1.473219
1.478686
1.478691
1.478779
1.479780
1.478656
1.478702
1.478990
1.479134
1.479312
1.479479
1.479655
1.479826
1.480006
1.480166
1.480311
1.480378
1.480737
1.480974
1.481160
1.481242
1.481320
1.481390
1.481537
1.480962
1.481120
1.481292
1.481459
1.481615
1.481842
1.483627
1.484050
1.484626
1.484707
1.484818
1.484910
1.485011
1.485508
1.488533
1.485978
1.485989
1.486065
1.486183
1.486301
1.486329
1.486393
1.486462
1.482569
1.486689
1.486821
1.486933
1.487013
1.487089
1.487188
1.487259
1.487372
1.483648
1.487557
1.487621
1.484907
1.487823
1.487936
1.487983
1.488041
1.488096
1.488163
1.488169
1.488241
1.488298
1.488345
1.488398
1.488461
1.488502
1.488293
1.488651
1.488659
1.494305
1.495491
1.495620
1.495660
1.495777
1.495884
1.496012
1.496134
1.496268
1.496003
1.496370
1.496457
1.496408
1.496514
1.496602
1.496733
1.491131
1.496969
1.497091
1.497123
1.491833
1.497618
1.497751
1.492290
1.492403
1.498191
1.498308
1.498432
1.492985
1.491041
1.498873
1.491370
1.499244
1.499347
1.499573
1.499742
1.500100
1.499790
1.499835
1.499910
1.492803
1.493452
1.495097
1.495249
1.495367
1.495391
1.495451
1.495514
1.495549
1.495616
1.495684
1.495745
1.495799
1.495826
1.495883
1.495944
1.495982
1.496054
1.496170
1.495280
1.496571
1.496631
1.496633
1.482503
1.482514
1.495775
1.495851
1.495929
1.496055
1.496182
1.496247
1.496305
1.483016
1.503825
1.503934
1.503694
1.504160
1.504229
1.503938
1.504337
1.504427
1.497054
1.500580
1.504641
1.504740
1.504786
1.504865
1.504934
1.498076
1.498285
1.498422
1.497426
1.498279
1.498425
1.498488
1.506014
1.505899
1.505488
1.504291
1.506290
1.498966
1.499054
1.499098
1.499185
1.499533
1.499679
1.499858
1.500026
1.500203
1.500381
1.500548
1.500724
1.500890
1.501039
1.501206
1.501384
1.501552
1.501727
1.501895
1.505203
1.508255
1.508302
1.508382
1.497498
1.508500
1.508571
1.508599
1.508663
1.497914
1.508790
1.508860
1.508907
1.500944
1.503428
1.498637
1.503803
1.498850
1.498905
1.498945
1.504104
1.504833
1.501689
1.505215
1.490995
1.487194
1.491296
1.491444
1.491569
1.491697
1.506546
1.506711
1.493079
1.507672
1.507715
1.507810
1.507859
1.507919
1.507940
1.508019
1.508142
1.508255
1.508322
1.508361
1.508436
1.508545
1.508616
1.508745
1.494399
1.508901
1.508969
1.509029
1.509052
1.509106
1.509099
1.509225
1.509340
1.509384
1.509444
1.509502
1.509525
1.509222
1.508533
1.509336
1.509398
1.509034
1.509176
1.509242
1.509356
1.509462
1.509585
1.509640
1.509704
1.509743
1.509809
1.497691
1.494018
1.497848
1.497903
1.497640
1.498041
1.498113
1.498230
1.498438
1.498557
1.498416
1.498830
1.498952
1.499084
1.499346
1.499376
1.499449
1.499604
1.499872
1.500158
1.500290
1.500391
1.500447
1.500516
1.500571
1.500625
1.500685
1.500752
1.500781
1.500850
1.500929
1.500974
1.500995
1.501062
1.501101
1.501164
1.501288
1.501555
1.501645
1.501755
1.501756
1.501802
1.501861
1.501926
1.501960
1.501984
1.502118
1.502242
1.502335
1.502467
1.502530
1.502596
1.502470
1.502705
1.502774
1.502831
1.502875
1.502931
1.503003
1.503119
1.501077
1.501139
1.501203
1.501234
1.500551
1.501367
1.501455
1.501503
1.501618
1.502212
1.502293
1.502350
1.502429
1.502482
1.502541
1.502631
1.502652
1.502725
1.502867
1.503077
1.503200
1.503313
1.503430
1.503565
1.503688
1.503808
1.503931
1.504060
1.504188
1.504321
1.504331
1.504598
1.504713
1.504796
1.504891
1.504884
1.505048
1.505397
1.505585
1.505848
1.506486
1.506577
1.506687
1.506787
1.506895
1.506954
1.507006
1.507063
1.507126
1.507172
1.507236
1.507383
1.507915
1.507995
1.508069
1.508186
1.508289
1.507126
1.507011
1.507116
1.507400
1.507552
1.507636
1.507740
1.507866
1.508005
1.509640
1.514635
