0.968795
0.975369
0.959255
1.014092
1.532189
1.555491
1.538504
1.536454
1.407504
1.553802
1.556958
1.556827
1.423384
1.558640
1.562729
1.580295
1.586491
1.586655
1.586563
1.586673
1.599865
1.603562
1.618184
1.618394
1.618500
1.618295
1.618425
1.618571
1.618687
1.618792
1.618938
1.619095
1.619170
1.619276
1.619389
1.619479
1.627253
1.627784
1.627947
1.628063
1.628138
1.628210
1.628285
1.628363
1.628459
1.628531
1.628592
1.628654
1.628692
1.630957
1.631110
1.631211
1.631300
1.619288
1.600806
1.600606
1.600704
1.600917
1.600919
1.600968
1.601024
1.601122
1.611946
1.612178
1.612306
1.612388
1.612461
1.612438
1.612539
1.612815
1.612934
1.613023
1.613112
1.613149
1.613219
1.613340
1.613444
1.613530
1.613605
1.613683
1.613767
1.613899
1.614023
1.607231
1.599062
1.598583
1.598651
1.598656
1.598718
1.598758
1.598902
1.598968
1.599070
1.599154
1.599546
1.599669
1.599600
1.599700
1.599535
1.599892
1.600020
1.600012
1.600094
1.600172
1.600255
1.600315
1.600276
1.600571
1.600643
1.600607
1.600826
1.600899
1.600894
1.600978
1.601026
1.600429
1.601112
1.600567
1.600322
1.599595
1.597011
1.599303
1.599388
1.599517
1.599577
1.599665
1.599711
1.601921
1.602068
1.602131
1.602158
1.602190
1.602278
1.602338
1.602429
1.602483
1.599114
1.599032
1.598722
1.598812
1.598831
1.598893
1.599556
1.605652
1.607405
1.612090
1.613856
1.616421
1.618751
1.619755
1.620583
1.620598
1.620665
1.620723
1.620794
1.620910
1.620993
1.620999
1.621027
1.621011
1.621014
1.620993
1.621033
1.621054
1.621024
1.621047
1.621054
1.621021
1.621068
1.621194
1.621248
1.621338
1.621447
1.621548
1.621630
1.621889
1.622028
1.621922
1.621997
1.622158
1.622300
1.622389
1.622496
1.622607
1.624300
1.624751
1.624953
1.625089
1.627279
1.628134
1.628237
1.628275
1.628333
1.628343
1.625397
1.625342
1.623597
1.623502
1.623465
1.623219
1.623286
1.623223
1.623292
1.623334
1.623301
1.623311
1.623326
1.623297
1.623325
1.623322
1.623397
1.623443
1.622392
1.623646
1.623678
1.623675
1.623745
1.623743
1.623732
1.623759
1.623805
1.623827
1.623765
1.623301
1.623852
1.623886
1.623540
1.623138
1.623647
1.623636
1.623668
1.623692
1.623731
1.623770
1.623801
1.620316
1.623897
1.624933
1.624005
1.625049
1.624096
1.625132
1.625148
1.624367
1.624358
1.624511
1.624873
1.633213
1.633927
1.633972
1.633963
1.633992
1.634089
1.634189
1.633958
1.633953
1.633717
1.633730
1.633720
1.633757
1.633474
1.633332
1.633232
1.633303
1.633285
1.633291
1.633317
1.633320
1.633339
1.633300
1.633309
1.633336
1.633359
1.633335
1.633313
1.633119
1.633096
1.633130
1.633164
1.633191
1.631036
1.630632
1.630659
1.630751
1.631049
1.631111
1.631171
1.631271
1.631316
1.631286
1.631304
1.631327
1.631324
1.631323
1.631298
1.631351
1.631362
1.631322
1.631309
1.631336
1.631417
1.631395
1.631457
1.631470
1.631540
1.631560
1.631452
1.630661
1.630906
1.630766
1.630762
1.630760
1.630760
1.630714
1.630728
1.630788
1.630821
1.630841
1.630884
1.630905
1.630973
1.630940
1.631017
1.630955
1.630998
1.630973
1.631007
1.631043
1.631144
1.631225
1.631282
1.631289
1.631397
1.631493
1.631640
1.632230
1.632443
1.633312
1.634953
1.635116
1.635284
1.635414
1.635559
1.635696
1.635693
1.636215
1.636705
1.636768
1.636776
1.636825
1.636849
1.636944
1.637070
1.637176
1.637342
1.637426
1.637553
1.636889
1.637703
1.637777
1.637788
1.637616
1.637660
1.637693
1.637715
1.637779
1.637752
1.637676
1.637913
1.637968
1.638061
1.638186
1.638283
1.638417
1.638520
1.638639
1.638707
1.638776
1.638850
1.637346
1.637344
1.637313
1.637355
1.637413
1.637415
1.637501
1.637517
1.637532
1.637530
1.637516
1.637561
1.637599
1.637597
1.637642
1.637678
1.637650
1.637678
1.637643
1.637515
1.637250
1.637160
1.637091
1.636943
1.636768
1.636727
1.636759
1.636775
1.636729
1.636697
1.636649
1.636507
1.636432
1.636383
1.636376
1.636367
1.636340
1.636320
1.636301
1.636330
1.636322
1.636203
1.624561
1.636009
1.635986
1.636019
1.635962
1.635994
1.636018
1.636094
1.636007
1.636041
1.636156
1.636271
1.636293
1.636279
1.636429
1.636513
1.636530
1.636567
1.636588
1.637129
1.637109
1.637154
1.637183
1.637225
1.637243
1.637346
1.637327
1.637429
1.637400
1.637505
1.637593
1.637625
1.637852
1.637945
1.638054
1.638222
1.638276
1.638445
1.638543
1.638636
1.638631
1.638731
1.638731
1.638805
1.638700
1.638678
1.638761
1.638774
1.638732
1.638710
1.638743
1.638826
1.638822
1.638861
1.638867
1.638811
1.638820
1.638807
1.638868
1.638868
1.638935
1.638681
1.628837
1.638912
1.639015
1.639135
1.639227
1.639363
1.639501
1.639570
1.639686
1.639814
1.639919
1.640290
1.640405
1.640525
1.640657
1.640733
1.640839
1.640992
1.641107
1.653178
1.653370
1.653416
1.653549
1.653648
1.653738
1.654359
1.654443
1.654442
1.654498
1.654480
1.654500
1.654533
1.654549
1.654584
1.654593
1.654596
1.654624
1.654542
1.654430
1.654415
1.654434
1.655146
1.655214
1.655311
1.655347
1.655392
1.655446
1.655453
1.655477
1.655513
1.655521
1.655523
1.655515
1.655017
1.654939
1.654907
1.654950
1.654975
1.654978
1.655000
1.654761
1.654900
1.654925
1.655029
1.655076
1.655164
1.655196
1.655232
1.655263
1.655313
1.655406
1.655473
1.655510
1.655576
1.655596
1.655581
1.655608
1.655594
1.655587
1.655491
1.655460
1.655443
1.655433
1.655270
1.655266
1.655206
1.655147
1.655200
1.655199
1.655175
1.655159
1.655089
1.655150
1.655173
1.655158
1.655168
1.655220
1.655228
1.655259
1.655190
1.655192
1.655236
1.655323
1.655385
1.655407
1.655439
1.655480
1.655425
1.655487
1.655456
1.655496
1.655512
1.655548
1.655542
1.655573
1.655464
1.655449
1.655485
1.655500
1.655553
1.655405
1.655433
1.655340
1.655364
1.655371
1.655414
1.655400
1.655457
1.655442
1.655759
1.655827
1.655933
1.656008
1.656038
1.656068
1.656103
1.656110
1.656026
1.655841
1.655938
1.655949
1.655940
1.655979
1.656002
1.655953
1.655895
1.655897
1.655981
1.655964
1.655994
1.655995
1.656044
1.656042
1.656093
1.656164
1.656368
1.656444
1.656497
1.656561
1.656586
1.656754
1.656806
1.656984
1.657094
1.657155
1.657246
1.657312
1.657417
1.657453
1.657492
1.657538
1.657584
1.657632
1.657666
1.657714
1.657766
1.657808
1.657831
1.657919
1.658253
1.658208
1.658273
1.658249
1.658145
1.658144
1.658117
1.658150
1.658303
1.658421
1.658994
1.659135
1.659199
1.659143
1.659203
1.659209
1.658483
1.659056
1.659031
1.659025
1.659056
1.659008
1.659002
1.659017
1.659029
1.659071
1.659027
1.659065
1.659048
1.658972
1.659000
1.658996
1.658965
1.658979
1.659255
1.659321
1.659393
1.659419
1.659482
1.659566
1.659965
1.660028
1.660022
1.660045
1.660063
1.660022
1.660121
1.660124
1.660194
1.658642
1.658698
1.658437
1.658477
1.658513
1.658545
1.658587
1.658613
1.658565
1.658749
1.658828
1.658762
1.658920
1.658692
1.658764
1.658925
1.658953
1.659016
1.659047
1.659031
1.659040
1.659038
1.659087
1.659483
1.659499
1.659548
1.659634
1.659604
1.659638
1.659681
1.659682
1.659732
1.659783
1.660091
1.707361
1.711118
1.722816
1.724292
1.724518
1.732233
1.732651
1.733125
1.737044
1.738118
1.738208
1.754610
1.754625
1.754749
1.799549
1.804433
1.804433
1.804802
1.804789
1.804899
1.804979
1.805037
1.805135
1.805292
1.805551
1.805887
1.811117
1.813403
1.813746
1.814193
1.814609
1.815394
1.816798
1.818526
1.821544
1.821627
1.821716
1.821795
1.821881
1.821944
1.821798
1.821875
1.822061
1.822041
1.822202
1.821911
1.822164
1.822265
1.822343
1.822458
1.822572
1.822690
1.827491
1.827698
1.827396
1.827743
1.827810
1.827795
1.827856
1.827943
1.828012
1.828074
1.828156
1.828224
1.828274
1.828374
1.829830
1.895517
1.895657
1.895805
1.896187
1.896277
1.896592
1.897347
1.898590
1.898827
1.898926
1.899167
1.899244
1.899327
1.899345
1.899452
1.899568
1.899606
1.899662
1.899727
1.899748
1.899838
1.900094
1.900159
1.900144
1.900179
1.900216
1.899959
1.900397
1.900415
1.900489
1.900450
1.900466
1.900493
1.900488
1.900393
1.900653
1.900544
1.900580
1.900700
1.900728
1.900770
1.900853
1.901133
1.901262
1.901340
1.901367
1.901398
1.901472
1.901520
1.901552
1.901656
1.901698
1.901801
1.901803
1.901910
1.901957
1.902000
1.901815
1.935996
1.936310
1.939290
1.939594
1.939721
1.939625
1.940262
1.940417
1.941324
1.941621
1.942104
1.942212
1.942694
1.942971
1.943091
1.964710
1.966690
1.966795
1.968801
1.969588
1.969634
1.969763
1.970174
1.970291
1.970646
1.970785
1.970879
1.971163
1.971289
1.971574
1.971637
1.971757
1.971818
1.971917
1.972004
1.972118
1.970805
1.971160
1.971177
1.971268
1.971269
1.971333
1.971373
1.971343
1.971353
1.971327
1.971328
1.971411
1.971702
1.971750
1.971749
1.971762
1.971693
1.971716
1.971712
1.971790
1.971883
1.972040
1.972114
1.972176
1.972167
1.972405
1.972493
1.972603
1.972648
1.950080
1.972860
1.972912
1.972919
1.973054
1.973162
1.973227
1.973430
1.959418
1.968945
1.973362
1.945135
1.972115
1.972214
1.965816
1.950042
1.972244
1.972340
1.972521
1.972525
1.972612
1.973258
1.973477
1.974595
1.976602
1.977369
1.977982
1.981152
1.982020
1.983000
1.983144
1.983350
1.983551
1.984108
1.983866
1.984227
1.984321
1.986216
2.002976
2.003166
2.003705
2.003722
2.003721
2.003701
2.003746
2.003563
2.004145
2.005528
2.005574
2.005727
1.979954
1.979996
2.006035
1.980346
2.006166
2.006222
2.006282
2.006325
2.006913
2.007077
2.009828
2.010308
2.010510
2.010552
2.010658
2.014458
2.014515
2.014620
2.015367
2.016452
2.016778
2.016819
2.017065
2.017305
2.014862
2.017325
2.017324
2.017346
2.017373
2.017422
2.017441
2.017442
2.017469
2.017419
2.017485
2.017539
2.017591
2.017647
2.017669
2.017741
2.017653
2.016906
2.017759
2.017128
2.017179
2.017241
2.017781
2.018215
2.017827
2.017492
2.003332
2.003377
2.003456
2.003531
2.003658
2.003767
2.003954
2.004168
2.004469
2.004748
2.005024
2.005043
2.015433
2.015747
2.016056
2.016168
2.016235
2.016280
2.016356
2.016366
2.016442
2.016619
2.016960
2.017317
2.017393
2.017435
2.017458
2.017529
2.017596
2.017737
2.017722
2.017797
2.017933
2.018283
2.018428
2.018523
2.018647
2.018783
2.018931
2.019061
2.019061
2.019183
2.019466
2.019581
2.019674
2.019704
2.019802
2.019895
2.020217
2.020346
2.020408
2.020445
2.020512
2.006477
2.020664
2.020735
2.020798
2.020842
2.021309
2.022320
2.022483
2.022610
2.022733
2.022857
2.022983
2.023288
2.023571
2.023231
2.023713
2.023760
2.023832
2.023915
2.023949
2.024029
2.024174
2.024366
2.024494
2.024536
2.024602
2.024668
2.024732
2.024804
2.024930
2.025045
2.025455
2.025560
2.025710
2.025984
2.026098
2.026209
2.026399
2.026456
2.026525
2.026636
2.026751
2.026880
2.026980
2.027456
2.027711
2.027834
2.027863
2.026162
2.027984
2.028047
2.028102
2.028154
2.028194
2.028248
2.028304
2.028360
2.028397
2.028016
2.028632
2.028746
2.028862
2.030111
2.030279
2.030028
2.029183
2.030309
2.030369
2.030427
2.030501
2.030622
2.030735
2.030823
2.030890
2.030981
2.031085
2.031191
2.033165
2.034080
2.033763
2.034532
2.033983
2.034959
2.034377
2.034461
2.036463
2.037657
2.037741
2.037237
2.038156
2.037664
2.037719
2.038413
2.038751
2.038262
2.038360
2.038606
2.039296
2.038761
2.039461
2.039527
2.040793
2.041456
2.040998
2.045584
2.047775
2.049483
2.050854
2.051135
2.050096
2.050111
2.047479
2.053169
2.053309
2.053619
2.054999
2.055303
2.055374
2.055439
2.055501
2.055554
2.054096
2.054161
2.054233
2.056559
2.056654
2.056721
2.058685
2.057137
2.057448
2.058054
2.058433
2.058519
2.058642
2.060648
2.060760
2.047238
2.060691
2.061718
2.061848
2.062150
2.062217
2.062285
2.062353
2.064244
2.064303
2.064359
2.064459
2.064846
2.065171
2.065449
2.065542
2.065809
2.065867
2.065934
2.066000
2.066077
2.068217
2.068308
2.062474
2.068777
2.068896
2.069141
2.067604
2.069311
2.069415
2.069751
2.069854
2.072418
2.072494
2.061410
2.073204
2.059980
2.071822
2.072415
2.072265
2.061662
2.075331
2.075650
2.076037
2.076121
2.076408
2.076485
2.076557
2.076604
2.076932
2.077010
2.077291
2.077365
2.078274
2.078618
2.078707
2.079104
2.067567
2.079261
2.079324
2.079484
2.079578
2.069372
2.079973
2.080005
2.080113
2.080237
2.082827
2.083013
2.083143
2.083282
2.083557
2.083675
2.084278
2.084406
2.084518
2.084629
2.085074
2.085191
2.085244
2.085318
2.085355
2.085316
2.085380
2.085417
2.085459
2.085530
2.085663
2.085861
2.085991
2.086072
2.086194
2.086219
2.086274
2.086344
2.086386
2.086489
2.086736
2.086851
2.086970
2.087071
2.087192
2.087573
2.087703
2.087829
2.087948
2.088075
2.088184
2.088218
2.088290
2.088347
2.088415
2.088556
2.089020
2.089179
2.089262
2.089558
2.089651
2.089889
2.090016
2.090581
2.090683
2.090810
2.082308
2.091050
2.091178
2.091295
2.091418
2.091552
2.091673
2.091824
2.092292
2.092327
2.092403
2.092473
2.092536
2.092605
2.092710
2.092764
2.092808
2.092851
2.092943
2.093022
2.093069
2.093140
2.093198
2.093336
2.094137
2.094294
2.095398
2.095537
2.095728
2.095872
2.096031
2.096129
2.096227
2.096300
2.096366
2.096422
2.096485
2.096098
2.096164
2.096275
2.096361
2.096480
2.096540
2.096596
2.096658
2.088943
2.089020
2.089047
2.089200
2.089331
2.089451
2.089957
2.090087
2.090206
2.090362
2.090585
2.090732
2.090616
2.091113
2.091196
2.091275
2.092600
2.091579
2.091681
2.091774
2.091852
2.103353
2.095395
2.095716
2.106227
2.106290
2.106604
2.106685
2.095879
2.097526
2.097699
2.097965
2.098018
2.087499
2.100901
2.100682
2.103364
2.103394
2.102343
2.102448
2.102558
2.102630
2.102755
2.104432
2.103676
2.104617
2.104955
2.105027
2.111071
2.104244
2.110385
2.110696
2.110750
2.111797
2.112085
2.112155
2.113999
2.114152
2.114251
2.114471
2.114532
2.114600
2.114658
2.114686
2.114750
2.115105
2.115132
2.114662
2.115301
2.115580
2.115646
2.117325
2.117437
2.117732
2.118477
2.118602
2.118933
2.118717
2.119140
2.119592
2.121691
2.122129
2.122362
2.117651
2.125693
2.126088
2.126339
2.126633
2.126873
2.129218
2.129504
2.129754
2.129953
2.130331
2.130477
2.130723
2.130978
2.132937
2.133208
2.133131
2.133702
2.133906
2.134315
2.134543
2.134815
2.136635
2.136883
2.140569
2.141505
2.142478
2.141005
2.141450
2.141750
2.146177
2.146466
2.149501
2.151770
2.152208
2.155165
2.167279
2.196896
2.197190
2.201330
2.201596
2.205141
2.205418
2.206910
2.209192
2.210082
2.210726
2.212051
2.214477
2.214736
2.228330
2.229874
2.233458
2.262072
2.263088
2.264890
2.273081
2.273978
2.274189
2.274581
2.274885
2.275181
2.275266
2.275374
2.275465
2.275556
2.275656
2.275481
2.273300
2.273412
2.280830
2.270790
2.270880
2.270910
2.271095
2.260080
2.280124
2.271795
2.271234
2.271779
2.271307
2.271783
2.272020
2.272123
2.272203
2.272688
2.272745
2.272910
2.272996
2.273145
2.273221
2.273410
2.273488
2.273605
2.273687
2.273832
2.273914
2.274058
2.274174
2.274569
2.274110
2.274152
2.274196
2.274236
2.274248
2.274308
2.274370
2.274410
2.274470
2.274504
2.265145
2.276000
2.275864
2.275784
2.278074
2.279905
2.279183
2.279403
2.278985
2.278400
2.279168
2.278414
2.277199
2.287725
2.288153
2.288302
2.289035
