0.150135
0.149055
0.163022
0.163059
0.180931
0.150289
0.147998
0.163383
0.149727
0.149746
0.148353
0.161377
0.187210
0.182211
0.193593
0.190664
0.223326
0.226589
0.213275
0.255043
0.261202
0.251390
0.255181
0.258382
0.295292
0.313358
0.298934
0.305005
0.283404
0.300086
0.309597
0.327540
0.335664
0.344475
0.344513
0.364307
0.379237
0.367500
0.373412
0.394990
0.402312
0.407010
0.436300
0.450377
0.438978
0.454670
0.462246
0.459626
0.515196
0.500545
0.500714
0.500906
0.516157
0.516278
0.516395
0.504007
0.538287
0.516139
0.537433
0.551222
0.579414
0.593022
0.581308
0.593373
0.581092
0.592332
0.594072
0.611187
0.611974
0.625994
0.665821
0.691062
0.691139
0.772511
0.772694
0.755885
0.773877
0.774070
0.774221
0.773950
0.698970
0.788170
0.788271
0.788366
0.786645
0.788625
0.788748
0.788842
0.788932
0.788986
0.789071
0.789075
0.699863
0.789240
0.789308
0.789382
0.789453
0.789653
0.790013
0.790096
0.790126
0.790209
0.790677
0.790870
0.791000
0.791063
0.791117
0.791204
0.791272
0.791419
0.791621
0.790771
0.791785
0.791843
0.785353
0.791180
0.792250
0.788245
0.792449
0.788355
0.788426
0.788512
0.788573
0.788655
0.789167
0.789215
0.789302
0.789383
0.789458
0.789523
0.789573
0.789650
0.789723
0.789746
0.789813
0.789892
0.789948
0.790013
0.790087
0.790227
0.790480
0.790526
0.790575
0.790652
0.790727
0.790858
0.790982
0.790981
0.791053
0.791097
0.721391
0.706399
0.775916
0.782718
0.782985
0.783160
0.783222
0.783278
0.783349
0.783401
0.783469
0.783531
0.783585
0.783652
0.783722
0.783751
0.783824
0.783914
0.784004
0.784126
0.784343
0.784585
0.784716
0.784328
0.785139
0.785248
0.785326
0.784827
0.785509
0.785605
0.785708
0.785821
0.785910
0.785962
0.786039
0.786091
0.786169
0.786244
0.786431
0.787192
0.787478
0.787607
0.787702
0.787816
0.787916
0.788108
0.788205
0.788319
0.788453
0.788495
0.747525
0.791857
0.792049
0.792238
0.792595
0.792726
0.792834
0.792749
0.793025
0.793064
0.793115
0.793187
0.793264
0.793244
0.793290
0.793343
0.793418
0.793486
0.793543
0.793698
0.794028
0.794071
0.794144
0.794256
0.794353
0.794425
0.794504
0.794576
0.794618
0.794657
0.794738
0.794817
0.794862
0.794929
0.795071
0.795366
0.795434
0.795486
0.712490
0.795624
0.795698
0.795922
0.796058
0.796160
0.796265
0.796330
0.796355
0.796436
0.796497
0.796554
0.796716
0.797032
0.797137
0.797256
0.797320
0.797428
0.797482
0.797595
0.797657
0.797773
0.798141
0.798643
0.799041
0.805065
0.805233
0.805359
0.805521
0.805897
0.805992
0.805878
0.805932
0.806004
0.806070
0.806136
0.806219
0.806278
0.806339
0.806373
0.806434
0.806494
0.806580
0.806726
0.807289
0.807394
0.807479
0.807510
0.807586
0.807667
0.807750
0.807793
0.807870
0.807935
0.808000
0.808028
0.808108
0.808161
0.808238
0.808365
0.808724
0.808789
0.808883
0.808925
0.809012
0.809072
0.809159
0.809221
0.809300
0.809367
0.809452
0.809479
0.809537
0.809606
0.809731
0.809992
0.810060
0.810135
0.810233
0.810624
0.808841
0.810787
0.810866
0.810947
0.811017
0.811100
0.811186
0.811282
0.811283
0.811452
0.811757
0.811830
0.811887
0.810394
0.811911
0.811946
0.812005
0.812062
0.812130
0.812210
0.812281
0.812343
0.812406
0.812457
0.812595
0.812809
0.812876
0.812962
0.813026
0.813105
0.813158
0.813205
0.813281
0.812516
0.812587
0.812680
0.812697
0.812772
0.812841
0.812957
0.813218
0.812936
0.799598
0.812969
0.813137
0.813235
0.813336
0.813380
0.813465
0.813561
0.813643
0.813693
0.813796
0.813887
0.813992
0.814050
0.814165
0.814253
0.814330
0.814422
0.814642
0.814918
0.814993
0.815033
0.815149
0.815242
0.815300
0.815390
0.815485
0.815572
0.815641
0.805529
0.797011
0.807099
0.807217
0.806958
0.807027
0.807095
0.807181
0.807265
0.807337
0.807387
0.807478
0.807550
0.807679
0.809893
0.810054
0.810133
0.810225
0.810292
0.810359
0.810432
0.810514
0.810561
0.810642
0.810696
0.810763
0.810825
0.810881
0.810950
0.811030
0.811044
0.811189
0.811487
0.811569
0.811626
0.811683
0.811759
0.811834
0.811861
0.811922
0.811996
0.812054
0.812364
0.823703
0.812595
0.812678
0.812821
0.813134
0.813300
0.813442
0.813651
0.813809
0.813582
0.813716
0.813773
0.814012
0.814114
0.814198
0.814250
0.814298
0.807901
0.806437
0.826914
0.805227
0.801688
0.799830
0.798189
0.798356
0.798483
0.798556
0.798437
0.798451
0.798510
0.798569
0.816049
0.816125
0.816184
0.816347
0.816669
0.814019
0.813888
0.813948
0.814002
0.814052
0.814111
0.813783
0.813837
0.814199
0.815452
0.815659
0.815814
0.815950
0.816067
0.817354
0.817769
0.834286
0.834404
0.834545
0.827145
0.834896
0.835099
0.835129
0.835205
0.835325
0.835435
0.835606
0.835764
0.835880
0.836016
0.836156
0.836243
0.836367
0.836483
0.836576
0.836746
0.836957
0.837082
0.837186
0.837427
0.837564
0.837676
0.830725
0.837977
0.838084
0.838249
0.807882
0.842364
0.814084
0.819674
0.821390
0.813700
0.819919
0.821566
0.838653
0.838774
0.837840
0.839386
0.839756
0.840458
0.840781
0.840894
0.841131
0.841575
0.841803
0.841823
0.842214
0.842236
0.842299
0.842415
0.842588
0.842718
0.842855
0.842968
0.843125
0.843245
0.843364
0.843703
0.844004
0.844257
0.844330
0.844545
0.823349
0.844853
0.845011
0.845180
0.845289
0.845422
0.845896
0.835786
0.846122
0.846128
0.846281
0.846373
0.846498
0.846681
0.846823
0.846883
0.847025
0.847402
0.847463
0.849279
0.850203
0.850385
0.850764
0.851157
0.851151
0.851261
0.851383
0.851530
0.851634
0.851756
0.851921
0.852068
0.852168
0.852335
0.852433
0.852610
0.852710
0.852872
0.852972
0.853144
0.853428
0.853577
0.853720
0.853848
0.853946
0.854075
0.854209
0.854361
0.854431
0.854727
0.854855
0.854963
0.855078
0.855191
0.855361
0.855477
0.855602
0.855687
0.855860
0.855950
0.836390
0.812126
0.849712
0.850369
0.848150
0.849539
0.848411
0.850321
0.848696
0.848802
0.837982
0.838117
0.838239
0.849405
0.844090
0.844247
0.844371
0.844496
0.844554
0.837711
0.837804
0.837977
0.838164
0.838301
0.838442
0.838501
0.838655
0.851694
0.851799
0.851985
0.852067
0.852231
0.852337
0.852599
0.852616
0.852748
0.853875
0.853943
0.841746
0.854509
0.854642
0.855018
0.855155
0.855267
0.855156
0.855227
0.855367
0.855676
0.855953
0.856265
0.856451
0.856754
0.856904
0.857429
0.857818
0.858278
0.858650
0.858798
0.858948
0.859118
0.859227
0.859360
0.859452
0.859930
0.860276
0.860660
0.861040
0.861435
0.861878
0.862441
0.862622
0.862773
0.862891
0.863023
0.863117
0.863219
0.865662
0.862978
0.852310
0.863232
0.863387
0.863492
0.863678
0.863810
0.863932
0.864044
0.864208
0.864320
0.864474
0.864578
0.864755
0.864864
0.865023
0.865128
0.865254
0.865485
0.865600
0.865801
0.855600
0.866142
0.866265
0.866392
0.866529
0.856379
0.863834
0.862495
0.864108
0.864228
0.864334
0.864446
0.864591
0.864709
0.864869
0.865214
0.865433
0.865462
0.865695
0.865894
0.865908
0.866033
0.866136
0.866248
0.866381
0.866476
0.866601
0.866706
0.866900
0.866154
0.867352
0.867337
0.867506
0.867804
0.867826
0.867920
0.868146
0.868248
0.868394
0.868058
0.868735
0.868215
0.868365
0.868530
0.868622
0.868787
0.868855
0.869555
0.869994
0.870023
0.870178
0.870327
0.870637
0.870876
0.872724
0.873289
0.873603
0.875011
0.875053
0.875177
0.875278
0.875445
0.875549
0.875693
0.883657
0.875939
0.876063
0.876158
0.884205
0.851145
0.885735
0.869838
0.836554
0.878914
0.867704
0.874689
0.874831
0.868288
0.862546
0.868442
0.868568
0.868673
0.868226
0.868159
0.868272
0.868374
0.868541
0.868844
0.868867
0.868957
0.869154
0.869207
0.869373
0.869889
0.869925
0.870262
0.870392
0.870545
0.870696
0.870817
0.870949
0.871032
0.871156
0.871268
0.871432
0.871525
0.871710
0.871778
0.871963
0.872066
0.872027
0.840630
0.872321
0.872423
0.872567
0.872676
0.872839
0.872935
0.873124
0.873230
0.873407
0.873640
0.873782
0.873902
0.873931
0.874158
0.874648
0.875023
0.875409
0.875815
0.876480
0.877635
0.877926
0.878097
0.880498
0.881949
0.882460
0.882643
0.883028
0.880315
0.883819
0.885916
0.886228
0.886370
0.886653
0.886774
0.887034
0.887159
0.887991
0.889148
0.890421
0.891303
0.891364
0.891727
0.892183
0.892779
0.892835
0.892947
0.893180
0.893532
0.893883
0.894160
0.894512
0.894990
0.896222
0.896472
0.896659
0.896764
0.896906
0.897067
0.897219
0.897343
0.897167
0.897536
0.867260
0.898096
0.917700
0.898423
0.898531
0.898869
0.898427
0.898777
0.900296
0.894422
0.900588
0.900689
0.900811
0.900925
0.901059
0.871763
0.871864
0.872003
0.872101
0.872268
0.872373
0.872536
0.872630
0.872777
0.902602
0.873034
0.873133
0.873288
0.873394
0.873522
0.873901
0.874170
0.898378
0.874745
0.875677
0.787899
0.876236
0.896486
0.906676
0.907078
0.907419
0.907813
0.908228
0.908589
0.908919
0.909334
0.909798
0.910258
0.910514
0.910691
0.910849
0.911003
0.911227
0.911391
0.911512
0.911662
0.911764
0.911925
0.912050
0.912057
0.912229
0.912347
0.912462
0.912590
0.912690
0.912873
0.913227
0.904518
0.913544
0.913672
0.913793
0.913983
0.914012
0.914069
0.914147
0.914185
0.914287
0.914592
0.914820
0.914952
0.914952
0.915038
0.915083
0.915175
0.915208
0.915182
0.915332
0.915428
0.915559
0.915678
0.915895
0.916083
0.916228
0.916275
0.916358
0.916393
0.916459
0.916504
0.916578
0.916615
0.916711
0.916742
0.916841
0.916994
0.925445
0.925687
0.917748
0.917856
0.930747
0.917862
0.917894
0.917894
0.917985
0.918214
0.918842
0.918956
0.919093
0.919165
0.919197
0.919308
0.919558
0.920176
0.920455
0.920612
0.920510
0.920612
0.920675
0.920961
0.921130
0.924379
0.924601
0.924701
0.924790
0.924841
0.918073
0.888921
0.918186
0.918222
0.904752
0.922379
0.939212
0.900952
0.892969
0.939847
0.904231
0.923264
0.919380
0.891297
0.891142
0.891267
0.891396
0.891548
0.891670
0.891717
0.891640
0.891966
0.892194
0.892376
0.892514
0.892588
0.892606
0.892699
0.892790
0.906207
0.922133
0.922210
0.926297
0.904600
0.904641
0.926816
0.926984
0.927100
0.927138
0.927191
0.927325
0.942309
0.927712
0.927780
0.927797
0.927871
0.927948
0.927960
0.928052
0.928091
0.928173
0.928180
0.928260
0.928402
0.928594
0.928773
0.928916
0.928950
0.929015
0.928695
0.957006
0.932976
0.924549
0.959573
0.947132
0.947255
0.960084
0.960408
0.960582
0.960690
0.959806
0.959804
0.959839
0.959931
0.960397
0.960449
0.960510
0.960565
0.959684
0.959770
0.959916
0.959994
0.914273
0.960213
0.960263
0.956730
0.956851
0.956966
0.957003
0.957098
0.957105
0.957199
0.957264
0.955771
0.955844
0.955877
0.955955
0.956101
0.956349
0.956540
0.956702
0.918049
0.918084
0.918159
0.918198
0.907553
0.935009
0.963240
0.927210
0.928158
0.928250
0.928296
0.928373
0.928413
0.928490
0.928518
0.928588
0.931968
0.940574
0.940608
0.928914
0.938276
0.938394
0.938521
0.929447
0.929491
0.929516
0.929600
0.929834
0.929915
0.929967
0.930260
0.930054
0.930475
0.930619
0.930627
0.930714
0.930848
0.930991
0.931035
0.931090
0.931155
0.931191
0.931282
0.937137
0.940102
0.940150
0.940230
0.931371
0.931443
0.931522
0.931559
0.931112
0.931225
0.931498
0.931544
0.931581
0.931675
0.931712
0.931805
0.931834
0.931902
0.931922
0.931981
0.932042
0.932092
0.932181
0.932271
0.932493
0.932885
0.932965
0.933494
0.933677
0.933847
0.933931
0.933978
0.934044
0.917416
0.934201
0.934238
0.934320
0.934336
0.934416
0.934456
0.934532
0.934675
0.934991
0.935184
0.935337
0.936032
0.938008
0.937347
0.937328
0.837765
0.937388
0.937433
0.936872
0.936940
0.936976
0.937036
0.937075
0.937123
0.937126
0.937210
0.937236
0.937346
0.937486
0.937675
0.937811
0.937888
0.937907
0.937994
0.938292
0.938447
0.938584
0.938637
0.938697
0.938709
0.938804
0.938807
0.938906
0.938935
0.939035
0.939055
0.939114
0.939132
0.939210
0.939256
0.939414
0.939727
0.939917
0.940012
0.934482
0.940156
0.940294
0.940369
0.940405
0.941911
0.941758
0.843259
0.941997
0.843610
0.942005
0.926621
0.926653
0.926705
0.926749
0.926816
0.926820
0.926905
0.942026
0.922614
0.970206
0.970286
0.970430
0.970625
0.970812
0.970958
0.970979
0.971027
0.971071
0.971144
0.971176
0.971263
0.971539
0.971718
0.986016
0.974907
0.975096
0.975168
0.987800
0.987873
0.987918
0.986791
0.986884
0.986916
0.987019
0.987336
0.987530
0.987780
0.987134
0.989207
0.988776
0.988889
0.988972
0.989068
0.974971
0.975063
0.975229
0.979569
0.986066
0.986150
0.957606
0.986306
0.986488
0.986818
0.986834
0.986918
0.986982
0.985488
0.985580
0.985686
0.989156
0.989487
0.989858
0.990063
0.983205
0.983245
0.983313
0.983360
0.983459
0.967088
0.967164
0.967296
0.967411
0.967573
0.967796
0.967965
0.968057
0.968080
0.968206
0.983561
0.983711
0.983821
0.983957
0.971870
0.984107
0.984189
0.984205
0.979707
0.984357
0.984422
0.984332
0.962915
0.870377
0.971793
0.956981
0.862025
0.956850
0.956805
0.956775
0.941391
0.964264
0.968099
0.972515
0.972650
0.972836
0.972956
0.973115
0.973214
0.973305
0.973362
0.969284
0.973473
0.961529
0.973641
0.973438
0.965269
0.965349
0.965375
0.972821
0.951674
0.972971
0.973064
0.973358
0.958787
0.964833
0.964678
0.963525
0.963608
0.963533
0.959377
0.963227
0.944425
0.944241
0.958320
0.958379
0.958397
0.951657
0.941667
0.957765
0.956970
0.955982
0.954816
0.954208
0.959010
0.952254
0.948466
0.946695
0.944715
0.863247
0.952372
0.863258
0.952558
0.863150
0.863521
0.863431
0.975351
0.977158
0.963659
0.977762
0.964421
0.963117
0.963363
0.978613
0.978663
0.993830
0.987402
0.993663
1.008871
1.008979
0.999885
1.014745
1.003480
1.003748
1.019148
1.026285
1.011301
1.029393
1.025691
1.029061
1.032994
1.050502
1.050900
1.055118
1.059137
0.968422
1.082835
1.069303
1.074311
1.087151
1.087830
1.105639
1.121896
1.122540
1.128805
1.143317
1.129396
1.156143
1.148600
1.186012
1.210924
1.199822
1.191968
1.120870
1.208308
1.229218
1.232295
1.260384
1.274959
1.292052
1.284424
1.307011
1.308017
1.308085
1.302785
1.312209
1.312248
1.325727
1.360420
1.351638
1.358027
1.363342
1.381572
1.382605
1.400247
1.392743
1.428054
1.317669
1.325856
1.444410
1.432843
1.474343
1.369123
1.402969
1.493445
1.498375
1.508445
1.515072
1.547468
1.534770
1.548827
1.460804
1.568329
1.583846
