1.319789
1.315187
1.320143
1.320878
1.321322
1.320936
1.328667
1.328990
1.331092
1.331901
1.331950
1.336553
1.331320
1.336979
1.337158
1.337619
1.338383
1.325861
1.323273
1.324539
1.326545
1.326676
1.327150
1.327653
1.327785
1.328028
1.328060
1.328140
1.328302
1.328350
1.328584
1.328893
1.329123
1.329390
1.329492
1.329700
1.329980
1.329895
1.330169
1.330248
1.330479
1.330803
1.331012
1.331123
1.331243
1.331381
1.331485
1.331661
1.332170
1.332212
1.332921
1.333319
1.333340
1.333190
1.333623
1.333755
1.333897
1.334103
1.334505
1.334727
1.334729
1.334855
1.334984
1.335094
1.335196
1.335354
1.335444
1.335590
1.335689
1.335847
1.335551
1.336129
1.336064
1.336683
1.337321
1.337195
1.337203
1.337422
1.338057
1.338390
1.338441
1.338549
1.338654
1.338763
1.338870
1.338972
1.339086
1.339208
1.339374
1.339768
1.340015
1.340270
1.340531
1.340579
1.341404
1.340705
1.331862
1.327526
1.332768
1.332922
1.332908
1.332998
1.333110
1.333212
1.333630
1.333752
1.334026
1.334208
1.334308
1.334538
1.334387
1.334895
1.335424
1.335558
1.335687
1.335857
1.335950
1.336177
1.336197
1.336658
1.337214
1.337570
1.338578
1.340188
1.341003
1.341382
1.342540
1.342764
1.342757
1.343013
1.343295
1.343485
1.343689
1.343960
1.344075
1.344208
1.344292
1.344355
1.344666
1.344842
1.344961
1.345146
1.345418
1.345739
1.345893
1.346032
1.346155
1.346284
1.342959
1.346583
1.347005
1.347068
1.347183
1.347322
1.347424
1.347580
1.347997
1.348267
1.348308
1.348430
1.348567
1.348730
1.346869
1.347000
1.347081
1.347247
1.347345
1.347702
1.348012
1.348156
1.348232
1.348385
1.348550
1.348682
1.348808
1.349008
1.349022
1.349140
1.349437
1.349932
1.350092
1.350255
1.350382
1.350483
1.350625
1.350802
1.350992
1.351189
1.351439
1.351730
1.351906
1.352030
1.352293
1.352455
1.353082
1.353124
1.354744
1.355052
1.355502
1.355888
1.356137
1.357067
1.358394
1.358645
1.358866
1.359035
1.359149
1.359285
1.359493
1.359997
1.360221
1.360413
1.360508
