0.635022
0.634770
0.647892
0.631536
0.658120
0.651052
0.644265
0.659377
0.653667
0.660689
0.647872
0.653684
0.653900
0.653963
0.654426
0.654674
0.654917
0.653675
0.655557
0.655595
0.655760
0.655900
0.656994
0.657007
0.657237
0.657392
0.657534
0.657657
0.657809
0.657926
0.658129
0.658224
0.657872
0.658117
0.658145
0.658270
0.658406
0.658535
0.658827
0.659071
0.659252
0.659250
0.659422
0.659584
0.659712
0.659844
0.659971
0.659972
0.660141
0.660264
0.660349
0.660512
0.660620
0.660776
0.660877
0.660996
0.661131
0.665328
0.665371
0.661580
0.665665
0.666121
0.663401
0.664028
0.664141
0.664276
0.664130
0.664743
0.664740
0.664750
0.668722
0.669568
0.669627
0.673036
0.673329
0.673355
0.673464
0.673315
0.674342
0.674344
0.660813
0.658123
0.656158
0.658282
0.656535
0.657264
0.657505
0.657651
0.657783
0.657573
0.657680
0.657838
0.657958
0.658154
0.658257
0.658299
0.658411
0.658541
0.659338
0.655288
0.659992
0.660029
0.661867
0.660044
0.660062
0.660316
0.663095
0.660791
0.660891
0.661047
0.661336
0.661343
0.664550
0.661669
0.661876
0.662290
0.662310
0.662478
0.662847
0.662890
0.662985
0.663269
0.663302
0.663504
0.664124
0.664640
0.664755
0.664781
0.664806
0.664937
0.665148
0.665245
0.665297
0.665483
0.665630
0.665747
0.666054
0.666185
0.666306
0.666413
0.673335
0.666713
0.667146
0.667546
0.674062
0.668328
0.668716
0.668995
0.669362
0.669598
0.669594
0.671190
0.669878
0.670009
0.670249
0.670374
0.670487
0.670594
0.670668
0.670799
0.670920
0.671029
0.671208
0.671329
0.671447
0.671563
0.671684
0.671036
0.671127
0.671276
0.671366
0.671541
0.671656
0.671780
0.671872
0.672032
0.672138
0.672296
0.672389
0.672564
0.672659
0.673023
0.673201
0.673404
0.673645
0.673766
0.673879
0.674206
0.674701
0.675287
0.675019
0.675634
0.675034
0.677447
0.677473
0.677608
0.677761
0.677926
0.677960
0.678161
0.678160
0.687578
0.678429
0.678535
0.678644
0.678785
0.678892
0.679067
0.687585
0.679354
0.679472
0.679798
0.678085
0.678206
0.678445
0.689638
0.689751
0.689849
0.689998
0.690155
0.690258
0.690417
0.690593
0.690688
0.690842
0.690953
0.691112
0.691224
0.691380
0.691564
0.691854
0.691990
0.691945
0.691833
0.692200
0.692167
0.692280
0.692436
0.691790
0.692716
0.692872
0.692076
0.693162
0.692852
0.692965
0.692962
0.693773
0.694306
0.696125
0.696402
0.696557
0.697387
0.697570
0.697853
0.698138
0.698295
0.694065
0.697917
0.699077
0.699285
0.697135
0.696522
0.701363
0.701724
0.702031
0.702148
0.702372
0.702621
0.702801
0.703321
0.703522
0.703689
0.702565
0.699804
0.703648
0.704028
0.704109
0.704224
0.704358
0.704474
0.704576
0.704681
0.704051
0.705006
0.705071
0.705242
0.705343
0.705512
0.705614
0.705777
0.705882
0.705986
0.706147
0.702945
0.706385
0.706502
0.706202
0.706409
0.706555
0.706720
0.706782
0.706958
0.707057
0.707815
0.707636
0.707766
0.707900
0.707997
0.708129
0.708289
0.709140
0.709300
0.709403
0.709534
0.709645
0.709799
0.709903
0.710079
0.710205
0.709894
0.711244
0.712285
0.713361
0.713558
0.713689
0.713389
0.713166
0.713627
0.713524
0.713640
0.713791
0.713912
0.714068
0.714174
0.714329
0.708325
0.714563
0.715294
0.708180
0.715553
0.708439
0.705107
0.708753
0.708844
0.709005
0.709150
0.709254
0.709430
0.709548
0.709641
0.709741
0.709954
0.710045
0.710210
0.710327
0.710430
0.710591
0.710717
0.710828
0.711298
0.711690
0.711853
0.712003
0.712127
0.712269
0.712355
0.712530
0.712598
0.712784
0.713003
0.712982
0.713155
0.713194
0.713267
0.713455
0.713527
0.713650
0.713708
0.713779
0.713842
0.713980
0.714041
0.714110
0.714149
0.714215
0.714278
0.714412
0.714519
0.714659
0.714712
0.714749
0.714857
0.714876
0.714932
0.715003
0.714716
0.714822
0.714937
0.714997
0.715065
0.715094
0.715227
0.715655
0.715806
0.715867
0.715906
0.715886
0.716061
0.716299
0.716434
0.716659
0.716701
0.716773
0.716779
0.716867
0.716910
0.717065
0.717195
0.718157
0.718396
0.718585
0.719292
0.719432
0.719622
0.719803
0.719961
0.719997
0.719375
0.720432
0.720481
0.720521
0.720602
0.720031
0.719999
0.719790
0.719954
0.719999
0.720078
0.720153
0.720172
0.720260
0.720858
0.721180
0.721438
0.721580
0.721739
0.721872
0.721936
0.721999
0.722041
0.722088
0.722197
0.722229
0.722286
0.722353
0.722416
0.722552
0.722948
0.723022
0.723094
0.723200
0.722777
0.723330
0.723384
0.723433
0.723376
0.723315
0.723314
0.723379
0.723489
0.723618
0.723730
0.724424
0.724596
0.724735
0.724850
0.724988
0.725109
0.725235
0.725359
0.725485
0.725631
0.725816
0.725944
0.726092
0.726210
0.726335
0.727056
0.727148
0.727145
0.727248
0.727485
0.727698
0.727827
0.727882
0.727943
0.727970
0.727966
0.728103
0.728177
0.728214
0.728278
0.728324
0.728383
0.728417
0.728446
0.728523
0.728650
0.728895
0.729011
0.729081
0.729164
0.729183
0.729234
0.729299
0.729340
0.729362
0.729490
0.729564
0.729819
0.729835
0.729896
0.729977
0.730124
0.730368
0.730493
0.730561
0.730617
0.730665
0.730726
0.730794
0.730832
0.730898
0.730948
0.730999
0.731053
0.731084
0.731184
0.731086
0.731322
0.731462
0.731715
0.731889
0.732053
0.732022
0.732099
0.732168
0.732198
0.732294
0.732425
0.732533
0.732672
0.732716
0.732750
0.736857
0.732953
0.733223
0.737347
0.737449
0.737620
0.737775
0.737833
0.737972
0.738369
0.738653
0.742518
0.738898
0.742765
0.742872
0.742923
0.742990
