0.954495
0.953180
0.954846
0.955155
0.955759
0.949623
0.949341
0.949776
0.950269
0.950344
0.950493
0.950668
0.950835
0.951363
0.951418
0.951614
0.951767
0.951940
0.952058
0.952181
0.952324
0.952454
0.952605
0.952758
0.951024
0.955794
0.955721
0.955828
0.955810
0.955995
0.955862
0.954323
0.951174
0.952257
0.955813
0.951237
0.955855
0.957205
0.956674
0.957048
0.957686
0.958085
0.958204
0.958432
0.958584
0.958740
0.959016
0.959030
0.959171
0.959293
0.959482
0.959772
0.959789
0.959781
0.960680
0.960736
0.960740
0.960748
0.960909
0.961448
0.963365
0.945016
0.960464
0.964752
0.964768
0.965096
0.965243
0.965374
0.965465
0.964825
0.960289
0.960047
0.960477
0.960532
0.960625
0.960684
0.960795
0.960327
0.960395
0.961371
0.961344
0.961288
0.961237
0.961209
0.961039
0.961324
0.961250
0.961371
0.961528
0.961666
0.961690
0.962355
0.957149
0.955989
0.957785
0.957846
0.957959
0.958039
0.958103
0.958216
0.958300
0.958418
0.958443
0.958548
0.958549
0.958615
0.958692
0.958774
0.959495
0.959976
0.960106
0.960185
0.960257
0.960381
0.960487
0.960606
0.960629
0.961150
0.961258
0.961376
0.961650
0.962474
0.962680
0.962875
0.963215
0.963291
0.963489
0.963337
0.991385
0.991462
0.993924
0.994115
0.994253
0.994430
0.994576
0.994700
0.995140
0.997981
0.998073
0.998310
0.998663
0.998798
0.998866
0.998948
0.998934
0.999118
0.999083
0.999166
0.999246
0.999310
0.999206
0.995513
0.999433
1.000129
1.000295
1.000452
1.000588
1.000713
1.001844
1.003126
1.003218
1.003343
1.003636
1.003721
1.003793
1.003853
1.003917
1.003974
1.003990
1.004128
1.004183
1.004261
1.004345
1.004402
1.004491
1.004535
1.004615
1.004735
1.005088
1.005158
1.005218
1.005294
1.005367
1.005391
1.005465
1.005545
1.005619
1.006631
1.006800
1.006902
1.006966
1.007320
1.008181
1.008332
1.008398
1.008472
1.008549
1.008617
1.008693
1.008731
1.008806
1.008875
1.008988
1.009093
1.009216
1.009331
1.009449
1.009563
1.009697
1.010552
1.010725
1.010768
1.010698
1.010832
1.010828
1.010945
1.011045
1.011128
1.011199
1.011248
1.011331
1.011415
1.011405
1.011482
1.011619
1.012041
1.012183
1.012313
1.012431
1.012567
1.012659
1.012794
1.012931
1.013068
1.013185
1.013311
1.013505
1.013703
1.013849
1.014061
1.014391
1.014485
1.014531
1.014608
1.015682
1.016037
1.016191
1.016327
1.016410
1.016499
1.016560
1.016641
1.016725
1.016959
1.011428
1.017449
1.017521
1.017592
1.017669
1.017738
1.017795
1.017862
1.017942
1.017968
1.018039
1.018108
1.017593
0.992481
0.991945
0.991510
1.018195
1.018271
1.018157
1.013632
1.018392
1.018407
1.018463
1.018533
1.018599
1.018647
1.018722
1.018800
1.018833
1.019534
1.019630
1.019813
1.020101
1.020164
1.020246
1.020305
1.020355
1.020427
1.020503
1.020555
1.020144
1.020216
1.020295
1.020332
1.020401
1.020486
1.020620
1.020880
1.020958
1.021034
1.021109
1.021148
1.021201
1.021274
1.021341
1.021400
1.021463
1.021568
1.021590
1.021645
1.021714
1.021841
1.022099
1.022161
1.022231
1.022309
1.022373
1.022428
1.022497
1.022569
1.022641
1.022698
1.022765
1.022845
1.022915
1.022964
1.023028
1.023148
1.023434
1.023505
1.023549
1.023627
1.023735
1.023819
1.023881
1.023985
1.024340
1.024414
1.024475
1.024587
1.025095
1.017176
1.025267
1.025339
1.025412
1.025500
1.025633
1.025748
1.025818
1.025880
1.025931
1.025999
1.026071
1.026117
1.026186
1.026257
1.026334
1.026411
1.026491
1.026562
1.026621
1.026698
1.026809
1.027230
1.027339
1.027406
1.027449
1.027500
1.027549
1.027621
1.027683
1.027726
1.027821
1.027890
1.027939
1.027990
1.028062
1.028179
1.028459
1.028525
1.028605
1.028661
1.028700
1.028770
1.028828
1.028880
1.028805
1.009971
1.009338
1.028184
1.008917
1.028706
1.009115
1.009371
1.009446
1.009534
1.009672
1.009746
1.009829
1.009871
1.009951
1.010005
1.010076
1.027711
1.027790
1.027900
1.028159
1.028423
1.028517
1.028656
1.028715
1.028771
1.028843
1.028902
1.028972
1.028999
1.029072
1.029142
1.032394
1.032654
1.032707
1.032785
1.032867
1.033002
1.033392
1.033435
1.033516
1.033603
1.033688
1.033759
1.033809
1.033862
1.033926
1.034004
1.034051
1.034107
1.034223
1.034266
1.038311
1.038925
1.039154
1.039236
1.039296
1.039387
1.039462
1.039537
1.039616
1.039668
1.039742
1.039812
1.039879
1.039960
1.040038
1.040118
1.040192
1.040304
1.040628
1.040767
1.040878
1.040994
1.041098
1.041270
1.041312
1.041360
1.041437
1.041510
1.041579
1.041658
1.041723
1.041802
1.041956
1.042282
1.042352
1.042406
1.042474
1.042538
1.042599
1.042637
1.042687
1.042728
1.042798
1.042857
1.042931
1.043002
1.043048
1.043104
1.043236
1.043518
1.043633
1.044222
1.044361
1.044482
1.044551
1.044609
1.044674
1.044719
1.044782
1.044835
1.044899
1.044979
1.045043
1.045222
1.045550
1.045584
1.045686
1.045808
1.045910
1.045982
1.046055
1.046109
1.046187
1.046241
1.046310
1.046388
1.046463
1.046543
1.046572
1.046688
1.046747
1.046808
1.046870
1.047030
1.047316
1.047390
1.047468
1.047537
1.047612
1.047658
1.047731
1.047689
1.047904
1.047972
1.048049
1.048096
1.048057
1.048125
1.048253
1.048496
1.048597
1.048697
1.048771
1.048819
1.048871
1.048933
1.048785
1.048919
1.048999
1.049043
1.046697
1.049213
1.049281
1.049946
1.050002
1.050079
1.050085
1.050147
1.050166
1.050229
1.050289
1.050351
1.050429
1.050495
1.050555
1.050630
1.050681
1.050754
1.050890
1.051169
1.051106
1.051228
1.051304
1.051380
1.051456
1.051508
1.051580
1.051648
1.051731
1.051855
1.051928
1.051986
1.052055
1.052180
1.052457
1.052624
1.053161
1.052598
1.052656
1.052722
1.052798
1.052847
1.052919
1.052993
1.052256
1.053169
1.053217
1.053301
1.053372
1.053525
1.053828
1.054059
1.054192
1.053678
1.046501
1.053862
1.053932
1.054065
1.054240
1.054340
1.054346
1.053302
1.054254
1.054312
1.054372
1.054934
1.054493
1.054559
1.054571
1.054640
1.054680
1.054749
1.054800
1.053964
1.054234
1.054167
1.054271
1.054522
1.054662
1.054740
1.054769
1.054805
1.054871
1.054938
1.054973
1.055040
1.055079
1.055184
1.055278
1.055452
1.055577
1.055448
1.055497
1.055565
1.055614
1.055783
1.055834
1.055959
1.056023
1.056092
1.056159
1.056274
1.056355
1.056426
1.056468
1.056506
1.056538
1.056639
1.056764
1.058026
1.056767
1.056832
1.056892
1.057022
1.057082
1.057210
1.057279
1.057408
1.057471
1.057524
1.057559
1.057623
1.057650
1.057404
1.057469
1.057528
1.060470
1.056756
1.054180
1.054280
1.054397
1.054503
1.054622
1.055317
1.055506
1.055630
1.055759
1.055872
1.055990
1.056796
1.056857
1.056955
1.056937
1.064569
1.064713
1.065025
1.065143
1.065154
1.065221
1.067979
1.058518
1.068108
1.068169
1.067813
1.067888
1.068141
1.068210
1.068226
1.063241
1.059761
1.059914
1.060065
1.060201
1.060353
1.055466
1.055252
1.055321
1.055384
1.064585
1.055526
1.053515
1.053650
1.053799
1.053877
1.053956
1.054076
1.054157
1.054231
1.054291
1.054617
1.068337
1.071033
1.069608
1.067969
1.066455
1.056023
1.056090
1.055644
1.055695
1.067805
1.072459
1.071715
1.072442
1.072517
1.072604
1.072735
1.072754
1.072812
1.072457
1.072254
1.072347
1.072396
1.072460
1.072469
1.072529
1.072127
1.072210
1.072270
1.072331
1.072458
1.072605
1.072745
1.072499
1.072558
1.072371
1.072401
1.072478
1.070446
1.071824
1.071888
1.071930
1.071997
1.072029
1.072092
1.071649
1.071781
1.067132
1.072051
1.072115
1.071682
1.072242
1.072314
1.071902
1.071993
1.067933
1.072261
1.072364
1.072435
1.072520
1.072647
1.068622
1.068682
1.068754
1.068885
1.074464
1.069140
1.062774
1.078296
1.076794
1.063740
1.074578
1.070724
1.064599
1.064711
1.064815
1.064937
1.065062
1.065187
1.065262
1.065344
1.065494
1.065619
1.065719
1.065838
1.065909
