1.112758
1.095218
1.118959
1.118748
1.118918
1.125709
1.124562
1.110311
1.127102
1.109540
1.129824
1.129548
1.130558
1.130615
1.130593
1.130645
1.128259
1.131022
1.131183
1.131207
1.131529
1.131750
1.131908
1.132066
1.132334
1.130890
1.130114
1.129789
1.133140
1.133323
1.133520
1.133692
1.133815
1.134056
1.134292
1.134425
1.134564
1.134308
1.134880
1.135030
1.135176
1.134807
1.134987
1.135077
1.135221
1.135369
1.135495
1.135673
1.135805
1.133364
1.136006
1.117660
1.113160
1.120944
1.121094
1.120293
1.121379
1.121374
1.121399
1.121397
1.121709
1.121776
1.121942
1.122031
1.122201
1.122284
1.122485
1.122619
1.123076
1.123397
1.123501
1.123795
1.123945
1.119895
1.124277
1.124280
1.124641
1.124851
1.124810
1.125336
1.125985
1.126012
1.126318
1.126335
1.126404
1.126743
1.126904
1.127228
1.127239
1.126478
1.127451
1.127559
1.127653
1.127781
1.127863
1.127912
1.128009
1.128068
1.128168
1.128277
1.128411
1.128516
1.128848
1.128959
1.129133
1.129297
1.129369
1.129462
1.129635
1.129728
1.129836
1.129590
1.130710
1.130799
1.130816
1.130931
1.131061
1.131197
1.131305
1.131407
1.131628
1.131715
1.131837
1.131979
1.131100
1.132229
1.132395
1.132479
1.132655
1.132760
1.132859
1.132957
1.133135
1.133238
1.133354
1.133524
1.133652
1.133739
1.133988
1.134106
1.134222
1.134342
1.134475
1.134588
1.135030
1.135361
1.135718
1.136072
1.136453
1.137005
1.137086
1.137248
1.137441
1.137582
1.137674
1.137845
1.137965
1.138055
1.138215
1.138307
1.138507
1.138618
1.141288
1.141448
1.141893
1.139548
1.139902
1.140065
1.140180
1.140327
1.140425
1.140566
1.140751
1.140881
1.141004
1.140775
1.140942
1.141075
1.141189
1.141292
1.141535
1.141532
1.141800
1.141898
1.141979
1.142184
1.142259
1.142640
1.142772
1.142945
1.143063
1.143233
1.143358
1.143457
1.143621
1.143687
1.144024
1.144428
1.144672
1.144774
1.144956
1.145064
1.145191
1.145288
1.145463
1.145587
1.145685
1.145808
1.145931
1.146042
1.146182
1.146259
1.146412
1.146569
1.146738
1.146858
1.147006
1.147117
1.147217
1.147371
1.147476
1.147639
1.147877
1.148153
1.148282
1.148383
1.148548
1.148660
1.148813
1.148918
1.149074
1.149225
1.148735
1.149521
1.149627
1.149776
1.149962
1.150100
1.149729
1.149815
1.149899
1.150081
1.150200
1.150356
1.150459
1.151585
1.151612
1.151525
1.151820
1.152241
1.152575
1.152925
1.153292
1.153868
1.155051
1.155208
1.155333
1.155460
1.155809
1.156034
1.156168
1.156262
1.156354
1.156644
1.156744
1.156907
1.157852
1.157199
1.157315
1.157432
1.156379
1.156532
1.156612
1.156750
1.156866
1.156983
1.157144
1.157277
1.157370
1.157555
1.157620
1.157809
1.157584
1.158086
1.158202
1.158062
1.158185
1.158350
1.158462
1.158655
1.158811
1.158894
