0.621419
0.629340
0.623325
0.629935
0.612854
0.631147
0.626596
0.622088
0.625453
0.625862
0.626028
0.626240
0.626428
0.626647
0.626817
0.626975
0.627130
0.627254
0.627429
0.627606
0.627766
0.627907
0.628144
0.628248
0.629059
0.629072
0.629305
0.629338
0.629597
0.629624
0.629925
0.629944
0.630157
0.630440
0.630477
0.630611
0.630960
0.631236
0.631311
0.631641
0.631804
0.631958
0.632046
0.632173
0.632346
0.632466
0.632554
0.632732
0.632869
0.632938
0.633084
0.633196
0.633384
0.622528
0.636011
0.636299
0.636534
0.636771
0.637525
0.637569
0.637591
0.637605
0.637611
0.637581
0.638828
0.638878
0.640915
0.642017
0.646176
0.646201
0.646006
0.646201
0.646234
0.646254
0.646663
0.646892
0.647597
0.647774
0.647784
0.648800
0.649849
0.650345
0.650852
0.650905
0.651034
0.651148
0.651244
0.651386
0.651521
0.651639
0.651770
0.651903
0.652073
0.652186
0.652874
0.652951
0.653294
0.653416
0.653675
0.654062
0.654071
0.654101
0.654332
0.656021
0.657207
0.657283
0.657593
0.657765
0.657907
0.658151
0.658165
0.658801
0.658823
0.658840
0.658840
0.659043
0.659047
0.659242
0.659424
0.659454
0.659908
0.660146
0.660743
0.660994
0.661143
0.661170
0.661310
0.661453
0.661685
0.661712
0.661806
0.654006
0.662186
0.662434
0.662543
0.662729
0.662765
0.662874
0.663069
0.663209
0.663324
0.663470
0.663644
0.663750
0.663904
0.664010
0.664183
0.664304
0.664502
0.664663
0.664792
0.664885
0.665012
0.665177
0.665199
0.646696
0.666179
0.666360
0.666388
0.666395
0.666416
0.666251
0.646830
0.664944
0.665720
0.665653
0.665646
0.665516
0.662493
0.665801
0.665918
0.666261
0.666611
0.666761
0.667191
0.667553
0.659471
0.660183
0.660889
0.661140
0.659238
0.662029
0.649189
0.662514
0.662766
0.662957
0.663557
0.663591
0.664025
0.664057
0.664287
0.664301
0.664598
0.664615
0.664702
0.664818
0.665014
0.665149
0.666131
0.665243
0.666589
0.666973
0.667288
0.667460
0.667908
0.668833
0.668869
0.669118
0.669221
0.669323
0.669451
0.669599
0.669719
0.669879
0.670010
0.670132
0.670248
0.670414
0.670555
0.670649
0.670809
0.670904
0.671086
0.671167
0.671277
0.671466
0.671629
0.671771
0.672097
0.672215
0.672306
0.672445
0.672550
0.672860
0.672966
0.673089
0.673391
0.673724
0.675435
0.673944
0.674056
0.676017
0.676239
0.676353
0.676754
0.677087
0.677441
0.676054
0.676189
0.677794
0.676478
0.678049
0.678213
0.676897
0.678512
0.677251
0.677374
0.677453
0.677622
0.677727
0.677890
0.678013
0.678115
0.678217
0.678333
0.678408
0.678569
0.678731
0.678794
0.679019
0.679114
0.679251
0.679195
0.679351
0.679533
0.679664
0.679786
0.679901
0.680064
0.680145
0.680297
0.680406
0.680563
0.680691
0.680817
0.680960
0.681099
0.681199
0.681327
0.681428
0.681534
0.681646
0.681785
0.681919
0.682044
0.677571
0.677663
0.677781
0.677890
0.678060
0.678148
0.678505
0.678648
0.678770
0.678937
0.679038
0.679213
0.679329
0.679474
0.679577
0.677382
0.696807
0.684582
0.697108
0.697180
0.684192
0.685177
0.685269
0.685450
0.685570
0.684227
0.685857
0.686246
0.686338
0.686439
0.686556
0.686676
0.686793
0.686906
0.687063
0.687169
0.687484
0.687736
0.688081
0.688466
0.688828
0.689211
0.689666
0.690731
0.691190
0.692841
0.692890
0.693117
0.693354
0.693524
0.693635
0.693805
0.693864
0.694011
0.694116
0.694293
0.694420
0.694576
0.694654
0.703107
0.694965
0.695097
0.695201
0.695370
0.695480
0.695603
0.695787
0.695901
0.696069
0.696218
0.696348
0.696468
0.696612
0.696783
0.696880
0.697048
0.697112
0.697295
0.697405
0.697567
0.697609
0.697868
0.697990
0.698064
0.698174
0.698326
0.698465
0.698570
0.698732
0.698828
0.699037
0.699105
0.699216
0.699377
0.699485
0.700058
0.700412
0.700731
0.701288
0.702099
0.711744
0.702496
0.702629
0.702765
0.702866
0.703023
0.703130
0.703307
0.703417
0.703960
0.704709
0.706493
0.705169
0.705310
0.705537
0.705516
0.705623
0.705716
0.705887
0.705995
0.705891
0.706034
0.706097
0.706251
0.706355
0.706505
0.706613
0.706757
0.706910
0.706998
0.707138
0.707238
0.707426
0.707557
0.707683
0.707785
0.707875
0.707977
0.708022
0.708203
0.702463
0.694811
0.702729
0.702896
0.703038
0.703343
0.703677
0.704095
0.704237
0.704390
0.704730
0.704912
0.705070
0.705397
0.705671
0.706122
0.706153
0.706399
0.706457
0.706810
0.706951
0.707095
0.707305
0.712400
0.707488
0.712688
0.712822
0.712959
0.707096
0.730773
0.713286
0.713382
0.713539
0.728542
0.708014
0.708145
0.708219
0.708332
0.708429
0.708600
0.708704
0.708872
0.708977
0.709136
0.709272
0.709419
0.709515
0.709671
0.709775
0.708782
0.710096
0.710241
0.710353
0.710552
0.709492
0.708220
0.708363
0.708460
0.708613
0.708728
0.708256
0.708358
0.708521
0.708642
0.709398
0.709616
0.709767
0.709904
0.710006
0.710176
0.710268
0.710440
0.710544
0.710689
0.710787
0.710956
0.713943
0.715090
0.715191
0.713674
0.712808
0.714386
0.714336
0.714281
0.714382
0.714549
0.714636
0.714805
0.714909
0.715028
0.715133
0.715692
0.715842
0.715988
0.716160
0.714185
0.714799
0.716579
0.714589
0.714713
0.714891
0.716532
0.717518
0.717795
0.718911
0.719320
0.719667
0.720201
0.719883
0.720061
0.720176
0.720306
0.720411
0.720569
0.720723
0.720833
0.720990
0.721125
0.721553
0.721552
0.720454
0.720526
0.720613
0.720728
0.720839
0.720909
0.721237
0.721390
0.721670
0.721666
0.721843
0.721972
0.722018
0.721463
0.727854
0.720114
0.722263
0.721845
0.721783
0.721910
0.722032
0.722166
0.722292
0.722468
0.722695
0.723525
0.723666
0.723793
0.723919
0.724060
0.724195
0.731390
0.731515
0.731599
0.724659
0.724710
0.724771
0.724029
0.755626
0.756037
0.725831
0.756757
0.756882
0.742419
0.726109
0.725842
0.757396
0.726005
0.757611
0.726242
0.757759
0.726365
0.757841
0.757902
0.757966
0.758009
0.758071
0.758134
0.758176
0.757863
0.758392
0.758573
0.758718
0.758794
0.758852
0.758657
0.758691
0.758740
0.758797
0.758851
0.758905
0.758967
0.759028
0.759059
0.728523
0.759170
0.759217
0.759303
0.759651
0.759791
0.759871
0.759966
0.760085
0.760183
0.760018
0.760076
0.760142
0.760185
0.760261
0.760265
0.760327
0.760357
0.760404
0.760469
0.760536
0.760591
0.760981
0.762434
0.762545
0.763268
0.762517
0.763656
0.763347
0.763449
0.763192
0.763224
0.763267
0.763317
0.763378
0.763427
0.763516
0.763573
0.763621
0.763650
0.763759
0.763817
0.763893
0.764009
0.743848
0.743980
0.744029
0.743631
0.744176
0.743779
0.743822
0.743913
0.744194
0.744377
0.765672
0.744768
0.744892
0.766114
0.742261
0.745249
0.743316
0.743392
0.743448
0.743454
0.743540
0.743716
0.743847
0.743913
0.743972
0.743533
0.743679
0.743785
0.743954
0.744100
0.744195
0.744276
0.743824
0.744457
0.744592
0.744259
0.744395
0.744494
0.744585
0.744644
0.744726
0.744868
0.744094
0.745057
0.745129
0.745276
0.744526
0.744555
0.744641
0.744656
0.744751
0.742862
0.744900
0.744912
0.743128
0.746191
0.750267
0.744967
0.745750
0.744204
0.744258
0.744347
0.744378
0.744445
0.744596
0.744750
0.744801
0.775741
0.744956
0.775888
0.775973
0.744964
0.745282
0.776181
0.745238
0.745271
0.745406
0.751877
0.777225
0.745813
0.777399
0.777591
0.777710
0.777765
0.777840
0.777369
0.777457
0.777600
0.777705
0.777849
0.777892
0.777973
0.778041
0.747498
0.743674
0.778580
0.778703
0.777839
0.777969
0.765952
0.778316
0.778481
0.778654
0.778831
0.779004
0.779350
0.779429
0.779496
0.779168
0.779296
0.779466
0.779644
0.779819
0.779973
0.780144
0.780771
0.760948
0.752752
0.753211
0.753446
0.754013
0.754183
0.754285
0.754682
0.755134
0.755770
0.755852
0.755989
0.756092
0.756232
0.756308
0.756410
0.756533
0.756661
0.756725
0.756859
0.756959
0.756999
0.757052
0.757088
0.757182
0.757463
0.757636
0.757811
0.757983
0.758160
0.758297
0.758473
0.758638
0.758805
0.759001
0.758769
0.759285
0.759518
0.759687
0.759828
0.759982
0.760148
0.760324
0.760491
0.760668
0.760842
0.761006
0.761122
0.761289
0.761348
0.761420
0.761458
0.761559
0.761808
0.761953
0.762130
0.762304
0.762458
0.762515
0.762566
0.762655
0.762791
0.762850
0.763004
0.763077
0.763227
0.763293
0.763383
0.763528
0.763702
0.763844
0.764021
0.764402
0.764508
0.764566
0.764625
0.764764
0.764929
0.765029
0.765221
0.765489
0.765611
0.765726
0.765881
0.765960
0.766011
0.766114
0.766199
0.766265
0.766316
0.766020
0.766481
0.766552
0.766637
0.766872
0.766972
0.767050
0.767176
0.767331
0.767408
0.767560
0.767631
0.767695
0.767729
0.767766
0.767842
0.767866
0.767971
0.768023
0.768086
0.768165
0.768197
0.768289
0.768440
0.768642
0.768843
0.769026
0.769179
0.769188
0.769254
0.769299
0.769387
0.769426
0.769526
0.769652
0.769804
0.769924
0.770166
0.770272
0.770333
0.770035
0.770462
0.770555
0.770584
0.770349
0.770385
0.770477
0.770621
0.770872
0.771076
0.771255
0.771409
0.771448
0.771490
0.771548
0.771592
0.771678
0.771752
0.771781
0.771865
0.771892
0.771950
0.771994
0.772078
0.772105
0.772195
0.772323
0.772584
0.772726
0.772781
0.772831
0.772941
0.773088
0.773144
0.773209
0.773302
0.773471
0.773578
0.773650
0.773716
0.773778
0.773916
0.774286
0.774415
0.774553
0.774630
0.774687
0.774786
0.774935
0.775077
0.775191
0.775298
0.775425
0.775459
0.775525
0.775627
0.777156
0.775918
0.776023
0.776135
0.776262
0.776341
0.777979
0.778076
