0.062247
0.073505
0.084551
0.321052
0.357949
0.357731
0.358832
0.358996
0.361056
0.361198
0.360641
0.357890
0.325572
0.326674
0.361408
0.359730
0.332816
0.334341
0.369465
0.334382
0.347291
0.334403
0.370096
0.370670
0.370465
0.370648
0.364887
0.370891
0.371035
0.371151
0.371254
0.371377
0.371467
0.371588
0.371938
0.372062
0.372191
0.370872
0.372543
0.372589
0.372830
0.373154
0.373205
0.373337
0.373267
0.373394
0.373819
0.374071
0.374394
0.374828
0.375073
0.375227
0.375391
0.375438
0.375549
0.375706
0.376062
0.376248
0.376411
0.376624
0.376835
0.376898
0.377121
0.377352
0.377700
0.377900
0.377651
0.377661
0.377780
0.377807
0.377893
0.378037
0.374197
0.376540
0.372330
0.378066
0.378087
0.378163
0.378230
0.378280
0.378325
0.378382
0.378454
0.378519
0.378655
0.378841
0.379112
0.379331
0.379653
0.379698
0.379931
0.380106
0.380274
0.380457
0.380170
0.380283
0.380320
0.380401
0.380429
0.380329
0.380372
0.380468
0.380520
0.380640
0.380666
0.380747
0.380787
0.380884
0.381043
0.381274
0.381471
0.381522
0.381570
0.381622
0.381699
0.381744
0.381882
0.382035
0.382166
0.382227
0.382156
0.382252
0.382389
0.382619
0.382679
0.382732
0.382790
0.382842
0.382903
0.382957
0.383011
0.382785
0.382954
0.382648
0.382744
0.383257
0.383471
0.383616
0.383775
0.354630
0.383705
0.383868
0.384383
0.384527
0.384611
0.384652
0.384754
0.384895
0.385091
0.385711
0.386004
0.386481
0.386745
0.386801
0.386927
0.387026
0.387206
0.387378
0.387482
0.387667
0.387733
0.388022
0.388188
0.388339
0.389546
0.390759
0.391603
0.391695
0.391777
0.391862
0.391998
0.392231
0.391073
0.391127
0.391134
0.391216
0.391742
0.391940
0.391884
0.391965
0.392011
0.392102
0.392092
0.392173
0.392721
0.387558
0.393145
0.393310
0.393419
0.393412
0.393513
0.401109
0.401463
0.401547
0.401679
0.402141
0.401966
0.402292
0.402341
0.402388
0.402422
0.402473
0.395190
0.403689
0.403876
0.399032
0.399114
0.404084
0.399234
0.399300
0.399446
0.399875
0.399916
0.399976
0.400010
0.400091
0.400141
0.400197
0.400273
0.400315
0.400382
0.400484
0.400704
0.400854
0.400911
0.400957
0.401033
0.401209
0.401244
0.401287
0.401368
0.401432
0.401473
0.401517
0.402159
0.402717
0.402904
0.403034
0.403054
0.403153
0.403196
0.403268
0.403276
0.403278
0.403357
0.401329
0.401513
0.401674
0.401774
0.401953
0.402026
0.402069
0.402146
0.402197
0.402267
0.401285
0.395744
0.401492
0.401627
0.401678
0.402048
0.402221
0.402063
0.402220
0.402223
0.402149
0.402238
0.402270
0.402367
0.402436
0.402459
0.402479
0.402566
0.402615
0.402698
0.402797
0.403301
0.403359
0.403600
0.403811
0.403834
0.403925
0.404033
0.404301
0.404339
0.404449
0.404734
0.404826
0.405706
0.406826
0.407244
0.407590
0.407758
0.407907
0.408026
0.408178
0.408319
0.408476
0.409107
0.409524
0.409913
0.410290
0.410462
0.410651
0.410778
0.410814
0.410904
0.410994
0.411018
0.411120
0.411355
0.412381
0.412531
0.412659
0.412755
0.412979
0.413114
0.412985
0.413321
0.413126
0.412143
0.410340
0.412931
0.401758
0.413308
0.413412
0.413511
0.413634
0.414050
0.414312
0.414462
0.414575
0.414644
0.414854
0.415047
0.415219
0.415438
0.415573
0.415675
0.415769
0.415827
0.415961
0.416045
0.416102
0.416175
0.416336
0.416508
0.416685
0.416822
0.416924
0.417060
0.417634
0.417810
0.417957
0.418145
0.418806
0.420064
0.420681
0.420827
0.420887
0.420937
0.421073
0.421165
0.421233
0.421263
0.421365
0.421031
0.427605
0.427847
0.428004
0.269216
0.279665
0.428449
0.428578
0.428928
0.428998
0.429053
0.429102
0.429140
0.429196
0.429257
0.429866
0.430460
0.430658
0.430831
0.421737
0.430736
0.431138
0.431154
0.431503
0.431558
0.431657
0.431769
0.431923
0.432031
0.432179
0.432273
0.432307
0.432409
0.432477
0.432552
0.432647
0.432821
0.433008
0.433191
0.433348
0.433861
0.434039
0.434239
0.435041
0.435430
0.435476
0.435572
0.437899
0.438539
0.438772
0.438839
0.438874
0.438866
0.439063
0.439100
0.439208
0.439222
0.439331
0.439762
0.439879
0.440209
0.440374
0.440537
0.440699
0.440863
0.441030
0.441935
0.442007
0.442113
0.442318
0.442563
0.442584
0.435084
0.442945
0.443061
0.443174
0.444460
0.444702
0.445005
0.445157
0.445382
0.445595
0.445651
0.443264
0.445808
0.443464
0.443415
0.443509
0.443659
0.443987
0.444052
0.444182
0.444359
0.444577
0.444703
0.446157
0.446579
0.446792
0.446853
0.446893
0.446995
0.450269
0.456226
0.457801
0.458028
0.458146
0.458159
0.458229
0.458295
0.458469
0.458475
0.458544
0.458587
0.458652
0.458693
0.458739
0.458054
0.458880
0.458928
0.459102
0.459356
0.459164
0.459767
0.460330
0.460547
0.460909
0.461187
0.461677
0.462150
0.462255
0.462333
0.462437
0.463442
0.486400
0.486961
0.490812
0.494694
0.494904
0.497499
0.497813
0.502609
0.503175
0.504235
0.505277
0.505351
0.505544
0.505744
0.505888
0.506003
0.506201
0.506252
0.499026
0.500865
0.500912
0.500978
0.500542
0.500640
0.500688
0.500704
0.503169
0.503634
0.503846
0.504128
0.504158
0.504237
0.504285
0.504331
0.504390
0.504365
0.504504
0.533673
0.534491
0.535987
0.536982
0.537057
0.537154
0.537218
0.537292
0.537367
0.537453
0.537606
0.537675
0.537619
0.537692
0.537744
0.537809
0.537872
0.537944
0.537994
0.538066
0.538311
0.538576
0.538874
0.542588
0.544499
0.546470
0.546880
0.547372
0.548403
0.555871
0.558705
0.561154
0.562392
0.573614
0.576323
0.576412
0.576410
0.576414
0.576432
0.576438
0.576448
0.576451
0.576459
0.576434
0.544094
0.544067
0.544034
0.544005
0.543852
0.543607
0.543324
0.542665
0.541074
0.537883
0.532186
0.532074
0.531988
0.531744
0.531701
0.531658
0.531613
0.531565
0.531518
0.531469
0.531414
0.531304
0.531045
0.530993
0.530943
0.530883
0.530837
0.530795
0.530741
0.530659
0.530609
0.530565
0.530512
0.530462
0.530153
0.530088
0.530031
0.529954
0.529906
0.529867
0.529814
0.529765
0.529716
0.569275
0.562240
0.562230
0.562121
0.562121
0.562134
0.562139
0.562156
0.562157
0.567080
0.564589
0.562195
0.546596
0.529079
0.569355
0.569494
0.569499
0.569681
0.569537
0.569529
0.569532
0.569543
0.569536
0.569554
0.569555
0.569565
0.569568
0.569556
0.569563
0.569578
0.569594
0.569603
0.569614
0.569615
0.569627
0.569552
0.569549
0.569551
0.569557
0.569565
0.569539
0.569540
0.569529
0.569531
0.569542
0.569562
0.569486
0.569474
0.569485
0.569498
0.569466
0.569402
0.569401
0.569402
0.569407
0.569414
0.569415
0.569424
0.568992
0.568994
0.568997
0.569010
0.575254
0.575200
0.575099
0.575093
0.575101
0.575095
0.575033
0.574996
0.575009
0.575009
0.575014
0.575015
0.575026
0.574933
0.574932
0.574763
0.529557
0.565927
0.565938
0.565938
0.565908
0.565909
0.565925
0.565932
0.565947
0.565951
0.565966
0.565966
0.565900
0.565907
0.565916
0.565925
0.565938
0.565934
0.565944
0.565944
0.565822
0.565822
0.565836
0.565837
0.565850
0.565848
0.569695
0.569215
0.569208
0.569179
0.569131
0.569141
0.569143
0.569131
0.569138
0.569149
0.569164
0.569181
0.569195
0.569201
0.569214
0.568490
0.568496
0.568469
0.568471
0.568482
0.568486
0.568496
0.568343
0.568284
0.580738
0.580740
0.642746
0.641313
0.635332
0.635450
0.635581
0.613873
0.613786
0.613930
0.613985
0.614036
0.617090
0.617273
0.617334
0.617320
0.593279
0.617392
0.682749
0.634406
0.682785
0.682776
0.682761
0.682744
0.555268
0.682724
0.682680
0.682665
0.682653
0.555224
0.555263
0.555163
0.555152
0.555076
0.555070
0.620783
0.555040
0.554982
0.620712
0.554979
0.554955
0.554897
0.554881
0.554860
0.554785
0.554769
0.554718
0.554704
0.554566
0.554490
0.554478
0.554453
0.554402
0.554390
0.554315
0.554307
0.554231
0.554212
0.554183
0.554124
0.554075
0.619729
0.578130
0.578025
0.577993
0.577933
0.577902
0.577847
0.577815
0.577637
0.577603
0.577552
0.577523
0.577466
0.577454
0.577391
0.577318
0.577304
0.577275
0.577221
0.577116
0.577012
0.576892
0.576784
0.576468
0.576351
0.576339
0.576306
0.576248
0.576154
0.576137
0.576120
0.576067
0.575404
0.575317
0.575228
0.575197
0.624128
0.575143
0.592048
0.575114
0.575053
0.574949
0.574802
0.574606
0.574526
0.545844
0.620390
0.587448
0.587290
0.587210
0.587115
0.587023
0.586943
0.586870
0.586636
0.586559
0.586485
0.586408
0.586332
0.586249
0.583867
0.582595
0.582349
0.582154
0.582069
0.581980
0.581894
0.581847
0.581818
0.581740
0.581715
0.581636
0.581599
0.581565
0.581514
0.581476
0.581428
0.580268
0.580250
0.580071
0.579934
0.579794
0.579691
0.579578
0.579477
0.579375
0.579276
0.579178
0.579066
0.578934
0.620965
0.592720
0.592644
0.592567
0.592456
0.592376
0.592266
0.592174
0.591632
0.550282
0.591432
0.591351
0.591271
0.591195
0.591078
0.591002
0.590833
0.590760
0.590672
0.590606
0.590533
0.590404
0.590147
0.590066
0.589932
0.589863
0.589789
0.589713
0.589637
0.589527
0.589663
0.589592
0.589518
0.589437
0.589357
0.589281
0.589207
0.589058
0.588983
0.588907
0.588832
0.588755
0.588647
0.588572
0.588494
0.621862
0.620926
0.620854
0.620646
0.620570
0.620497
0.620427
0.618678
0.608145
0.594926
0.594569
0.594488
0.594282
0.594200
0.593832
0.593701
0.593630
0.593534
0.548737
0.548693
0.548599
0.548525
0.548451
0.624058
0.548421
0.550227
0.548342
0.548311
0.548311
0.548284
0.548210
0.548115
0.548101
0.548044
0.548018
0.547845
0.547768
0.547699
0.547624
0.547562
0.547407
0.547358
0.547268
0.547250
0.547226
0.622651
0.575131
0.564375
0.556517
0.552004
0.551987
0.551955
0.551911
0.551873
0.551844
0.551781
0.551724
0.551708
0.551665
0.551643
0.551600
0.551556
0.551535
0.548647
0.543306
0.540165
0.622658
0.551518
0.551445
0.551424
0.551380
0.551308
0.551293
0.551088
0.550961
0.550915
0.550842
0.550803
0.550778
0.550723
0.550674
0.550629
0.550609
0.550560
0.550547
0.550157
0.623980
0.550492
0.550481
0.550452
0.550402
0.550355
0.550342
0.550294
0.550143
0.550121
0.550044
0.550012
0.549972
0.549910
0.549849
0.549837
0.549806
0.549746
0.549738
0.549710
0.549660
0.549647
0.549549
0.549536
0.626166
0.625945
0.625870
0.625793
0.625720
0.625642
0.625572
0.625502
0.625311
0.625239
0.625169
0.625098
0.625027
0.624953
0.624882
0.624807
0.624542
0.624455
0.624349
0.624274
0.624203
0.572571
0.623878
0.623805
0.623733
0.658756
0.583259
0.582582
0.582409
0.582264
0.575876
0.575261
0.574846
0.574404
0.575009
0.574135
0.556378
0.573988
0.573670
0.573045
0.572935
0.572830
0.572757
0.572575
0.572500
0.572386
0.572274
0.572083
0.571845
0.571514
0.565109
0.563241
0.562985
0.562813
0.558792
0.558550
0.558083
0.557730
0.557374
0.557091
0.556847
0.682410
0.556839
0.682388
0.583045
0.592789
0.576809
0.682378
0.576436
0.576323
0.682358
0.576285
0.682353
0.576154
0.682334
0.576128
0.682324
0.575995
0.682275
0.575868
0.682251
0.575783
0.682235
0.575756
0.575696
0.682204
0.682215
0.682185
0.575608
0.682174
0.575595
0.682155
0.575591
0.682834
0.575575
0.575582
0.575541
0.682835
0.575391
0.682765
0.575321
0.682752
0.575243
0.575260
0.575130
0.682720
0.575099
0.682714
0.575065
0.682694
0.574977
0.682684
0.574915
0.682620
0.574843
0.583899
0.574813
0.638760
0.574685
0.574722
0.574602
0.638663
0.555753
0.574566
0.556406
0.556366
0.574491
0.574440
0.638604
0.555589
0.638480
0.556888
0.556839
0.556811
0.556769
0.556749
0.556626
0.556558
0.556491
0.556476
0.556455
0.556346
0.556513
0.556508
0.556503
0.556448
0.556433
0.556357
0.556291
0.556287
0.572258
0.556904
0.556671
0.638421
0.638363
0.555576
0.555566
0.555559
0.555538
0.574469
0.670722
0.551759
0.551750
0.551706
0.551683
0.551617
0.551599
0.551552
0.551528
0.551320
0.551290
0.551225
0.551185
0.551154
0.554765
0.549433
0.549421
0.547180
0.549409
0.549355
0.548831
0.549313
0.549302
0.549293
0.549283
0.549257
0.549248
0.549249
0.548852
0.548842
0.548733
0.548808
0.548799
0.547068
0.548790
0.548753
0.548686
0.548743
0.548695
0.556728
0.587370
0.682418
0.682634
0.682624
0.682607
0.682540
0.682518
0.547145
0.670688
0.670618
0.670593
0.670579
0.670560
0.670525
0.670363
0.670343
0.670309
0.670278
0.670173
0.670159
0.670142
0.670130
0.670110
0.670099
0.670074
0.670003
0.669947
0.669939
0.547006
0.669931
0.669919
0.669843
0.669835
0.577702
0.669798
0.549173
0.669778
0.669772
0.670308
0.670293
0.670283
0.670247
0.670237
0.670189
0.670167
0.541652
0.670069
0.670049
0.543355
0.542546
0.542520
0.542454
0.542443
0.542349
0.542335
0.542258
0.542253
0.542156
0.542049
0.541976
0.541926
0.541911
0.541738
0.541696
0.555819
0.541640
0.541586
0.541572
0.524714
0.532379
0.569159
0.555939
0.555855
0.555503
0.555729
0.555704
0.555583
0.555520
0.555336
0.555481
0.555313
0.554995
0.554873
0.554161
0.572886
0.572663
0.572498
0.566566
0.554601
0.554530
0.554140
0.572939
0.572795
0.572716
0.572692
0.572464
0.546443
0.549156
0.572554
0.572409
0.566778
0.551983
0.551328
0.549364
0.549245
0.548723
0.670083
0.670321
0.670083
0.669814
0.670189
0.542415
0.541883
0.558829
0.555383
0.552380
0.553041
0.573697
0.555511
0.555466
0.554973
0.554949
0.554884
0.566482
0.546912
0.566409
0.566011
0.565837
0.565721
0.565564
0.565460
0.565354
0.565241
0.565130
0.564970
0.564824
0.564814
0.564681
0.564660
0.564593
0.564561
0.564448
0.564430
0.547339
0.564387
0.564296
0.564282
0.564273
0.564161
0.567357
0.567298
0.567285
0.567165
0.577600
0.577886
0.543903
0.578846
0.578846
0.578786
0.578702
0.578671
0.578586
0.578552
0.578498
0.578391
0.551998
0.549162
0.561137
0.549120
0.560822
0.549110
0.559848
0.559838
0.549084
0.559833
0.549074
0.559822
0.549061
0.559810
0.559805
0.549056
0.559787
0.527518
0.556802
0.555847
0.554974
0.553169
0.553407
0.553149
0.550703
0.550171
0.553099
0.550155
0.553095
0.549570
0.553029
0.549216
0.552924
0.547851
0.552915
0.547832
0.547423
0.552894
0.552820
0.546900
0.547369
0.552808
0.547358
0.552799
0.547174
0.552772
0.552618
0.552611
0.552457
0.552413
0.552333
0.549346
0.552291
0.552191
0.552114
0.552046
0.552021
0.551882
0.554789
0.551807
0.670698
0.670294
0.547045
0.552580
0.546969
0.546839
0.546813
0.546768
0.546745
0.546710
0.546671
0.546649
0.546573
0.546558
0.549341
0.546507
0.546455
0.551904
0.549274
0.549265
0.549216
0.549192
0.549183
0.549174
0.549171
0.622462
0.623076
0.623353
0.623853
0.624252
0.624760
0.624977
0.625144
0.625253
0.625377
0.613585
0.626827
0.626915
0.625878
0.627013
0.626642
0.626215
0.626336
0.626423
0.626522
0.626609
0.626743
0.626827
0.626957
0.627236
0.627275
0.625602
0.623430
0.627651
0.627738
0.627806
0.627891
0.627971
0.628011
0.628140
0.628214
0.627099
0.628445
0.628563
0.628647
0.628698
0.628717
0.628827
0.628959
0.629048
0.629146
0.629271
0.629326
0.629239
0.629352
0.629424
0.629569
0.629725
0.629847
0.629879
0.630231
0.630523
0.630805
0.630951
0.631375
0.631497
0.631488
0.631575
0.631751
0.633274
0.633458
0.633392
0.633211
0.632488
0.606481
0.632734
0.632821
0.632814
0.632896
0.632933
0.633099
0.633219
0.631197
0.633472
0.633541
0.633727
0.633835
0.634038
0.634210
0.634338
0.634388
0.634407
0.634533
0.634513
0.634647
0.634719
0.634749
0.634811
0.634775
0.634857
0.634903
0.634955
0.634993
0.635075
0.635065
0.635127
0.635158
0.635226
0.635266
0.634037
0.635746
0.635921
0.637492
0.637317
0.635184
0.637227
0.637368
0.637249
0.663351
0.637220
0.654586
0.636323
0.637174
0.633846
0.633772
0.636903
0.636961
0.637066
0.637262
0.637706
0.637765
0.637694
0.637803
0.642653
0.642657
0.638205
0.638360
0.638842
0.638499
0.638580
0.638550
0.638624
0.640907
0.641386
0.641497
0.641586
0.641648
0.641706
0.641788
0.641826
0.641870
0.641952
0.641635
0.642418
0.642395
0.642453
0.642495
0.642556
0.642599
0.642654
0.642694
0.642787
0.642755
0.642812
0.642844
0.642908
0.642968
0.643020
0.643589
0.643738
0.643879
0.643998
0.644044
0.645429
0.645397
0.644710
0.644731
0.645468
0.644704
0.645605
0.621145
0.645598
0.645212
0.645377
0.645860
0.645838
0.645789
0.645684
0.646055
0.645824
0.646316
0.646467
0.646951
0.647135
0.647076
0.647485
0.647392
0.647800
0.647715
0.648784
0.649399
0.649166
0.649764
0.648059
0.650755
0.650848
0.649940
0.650629
0.651160
0.651257
0.651270
0.650925
0.651429
0.651510
0.651553
0.651217
0.651743
0.651924
0.652115
0.651433
0.651493
0.651503
0.651648
0.651739
0.651676
0.651773
0.651908
0.651967
0.652694
0.652127
0.652264
0.652483
0.652643
0.652841
0.653071
0.653177
0.649447
0.653297
0.653961
0.654947
0.655124
0.656439
0.654422
0.655724
0.655894
0.654830
0.654961
0.654959
0.655035
0.655197
0.655183
0.655349
0.656571
0.656643
0.656673
0.655664
0.655776
0.655748
0.655910
0.656257
0.656472
0.656593
0.656631
0.656711
0.658046
0.657342
0.657108
0.657632
0.660182
0.660425
0.660542
0.662147
0.659679
0.659848
0.661132
0.661272
0.660355
0.661687
0.662642
0.662887
0.662634
0.662615
0.662499
0.661278
0.661292
0.661391
0.661737
0.661851
0.661995
0.662346
0.666178
0.666652
0.667190
0.667250
0.667291
0.667538
0.667690
0.667647
0.667837
0.667929
0.668056
0.668298
0.668357
0.668418
0.668425
0.668577
0.668582
0.668667
0.669031
0.669249
0.669335
0.669456
0.669526
0.666173
0.669693
0.669697
0.669787
0.669850
0.669860
0.669929
0.669912
0.670006
0.670247
0.670365
0.670507
0.670584
0.670615
0.670688
0.670702
0.670752
0.670808
0.670867
0.670916
0.670994
0.671024
0.671109
0.671150
0.671239
0.671273
0.671352
0.671701
0.671874
0.671960
0.672001
0.672071
0.672104
0.672193
0.672426
0.675715
0.673767
0.673735
0.673629
0.673572
0.673440
0.673312
0.673389
0.673438
0.672872
0.672894
0.673026
0.673156
0.673293
0.673358
0.673492
0.673622
0.673727
0.673836
0.673979
0.674539
0.674576
0.674734
0.674802
0.674942
0.675068
0.675111
0.675207
0.675468
0.675515
0.675646
0.675799
0.675954
0.676250
0.676428
0.676578
0.676846
0.676977
0.677018
0.677327
0.677455
0.677505
0.679331
0.678606
0.678694
0.678575
0.678514
0.678345
0.678424
0.678465
0.678563
0.678830
0.678952
0.678999
0.679054
0.679102
0.679157
0.679219
0.679287
0.679325
0.679386
0.679424
0.680571
0.691782
0.685799
0.679774
0.685151
0.690746
0.680497
0.684070
0.662557
0.681182
0.685318
0.685322
0.662561
0.663832
0.681496
0.716692
0.721933
0.721358
0.877183
0.897465
0.861166
0.939287
1.018433
0.996273
1.003430
1.021080
0.997167
1.048733
1.049309
1.055041
1.061830
1.079451
1.077176
1.113723
1.155214
1.177829
1.279286
1.391163
1.391681
1.369227
1.486945
1.514488
1.545895
