0.486272
0.485497
0.487681
0.487865
0.486301
0.488191
0.488382
0.488550
0.488890
0.489120
0.489636
0.489666
0.493686
0.492063
0.492145
0.494249
0.487943
0.490977
0.491121
0.491291
0.491400
0.491959
0.492362
0.492546
0.492152
0.492920
0.493147
0.493299
0.493441
0.493620
0.493789
0.494722
0.494798
0.495629
0.496684
0.497311
0.497503
0.497687
0.497830
0.498001
0.498104
0.497692
0.498321
0.502210
0.500949
0.501082
0.500220
0.500727
0.500841
0.500937
0.501095
0.501225
0.498268
0.500095
0.500238
0.500347
0.500504
0.500614
0.500784
0.500893
0.501090
0.501221
0.501359
0.501459
0.501567
0.501707
0.501837
0.500340
0.501194
0.501215
0.502342
0.502095
0.502613
0.501548
0.502871
0.501828
0.503141
0.503275
0.503406
0.503523
0.503662
0.503798
0.503915
0.504042
0.504312
0.504535
0.504685
0.504729
0.504941
0.505040
0.505202
0.504939
0.505463
0.505568
0.505732
0.505867
0.505982
0.506119
0.506231
0.506371
0.506478
0.506639
0.506765
0.506797
0.506413
0.505606
0.506739
0.507201
0.507519
0.508188
0.508408
0.508503
0.508607
0.508821
0.509177
0.509210
0.509480
0.509818
0.509845
0.509985
0.510070
0.510089
0.510323
0.510403
0.510468
0.510493
0.510566
0.510700
0.510676
0.511042
0.511167
0.511243
0.511309
0.511305
0.511388
0.511468
0.512208
0.512442
0.513878
0.514444
0.514362
0.514617
0.514692
0.515138
0.515313
0.515406
0.515483
0.515796
0.515813
0.515979
0.516192
0.516278
