1.396039
1.396207
1.393028
1.397072
1.397245
1.397406
1.397590
1.397728
1.397950
1.396940
1.400788
1.401563
1.401058
1.401082
1.397641
1.387481
1.396852
1.400685
1.401230
1.402262
1.402814
1.402886
1.403013
1.403133
1.403307
1.403379
1.403638
1.403817
1.391743
1.404187
1.404401
1.404552
1.404681
1.404826
1.404939
1.405190
1.405210
1.405353
1.405478
1.405552
1.405704
1.406110
1.406634
1.406794
1.407100
1.407138
1.407245
1.407398
1.407544
1.407640
1.407742
1.407880
1.408000
1.408115
1.408278
1.408369
1.408522
1.408639
1.408758
1.408915
1.409137
1.409233
1.409621
1.407834
1.409482
1.409761
1.410201
1.410255
1.410258
1.410353
1.410661
1.410692
1.411056
1.411097
1.411154
1.411268
1.411402
1.411530
1.411700
1.411839
1.411969
1.412128
1.412286
1.412365
1.412540
1.412706
1.412823
1.412913
1.413325
1.413714
1.413858
1.413998
1.414104
1.414251
1.414662
1.415255
1.415659
1.416050
1.416436
1.416901
1.417354
1.417913
1.417944
1.417960
1.418003
1.418018
1.399329
1.418622
1.418836
1.419057
1.419273
1.419365
1.419949
1.419985
1.420495
1.420835
1.421369
1.421706
1.421844
1.422014
1.422143
1.422245
1.422339
1.422512
1.422669
1.422750
1.422900
1.423014
1.423171
1.423327
1.423466
1.418854
1.418963
1.419397
1.419479
1.419871
1.419886
1.419881
1.420130
1.420216
1.420325
1.420423
1.420336
1.420710
1.420604
1.416573
1.421299
1.421447
1.421564
1.421708
1.421842
1.421797
1.421777
1.422237
1.422345
1.422467
1.418111
1.422528
1.422844
1.423014
1.423127
1.423294
1.423416
1.423533
1.423239
1.423360
1.423530
1.423673
1.423779
1.424022
1.424152
1.424338
1.424459
1.424582
1.424714
1.424823
1.424931
1.425046
1.425186
1.425311
1.425502
1.425606
1.425719
1.425856
1.426047
1.426346
1.426520
1.426645
1.426795
1.426897
1.427094
1.427337
1.427465
1.424848
1.427784
1.427915
1.428025
1.428191
1.428648
1.428825
1.428983
1.429090
1.429211
1.429331
1.429497
1.429503
1.429765
1.429936
1.434341
1.435681
1.435900
1.436052
1.436175
1.436343
1.436463
1.436596
1.436649
1.436749
1.436903
1.437028
1.437145
1.437253
1.437411
1.437537
1.437622
1.438351
1.438517
1.438675
1.438602
1.438943
1.439349
1.443068
1.443254
1.443321
1.443426
1.443521
1.443623
1.443757
1.443861
1.444033
1.444370
1.444479
1.444625
1.444674
1.444807
1.444871
1.444978
1.445286
1.445233
1.445507
1.445625
1.445719
1.445768
1.445869
1.445951
1.446119
1.445830
1.445958
1.446032
1.446119
1.446371
1.446439
1.437913
1.439168
1.439380
1.439571
1.439693
1.439924
1.441622
1.441891
1.442578
1.442684
1.442737
1.442798
1.442798
1.442866
1.442974
1.442952
1.443057
1.443124
1.443163
1.443208
1.443402
1.443752
1.443886
1.443978
1.444024
1.444103
1.444126
1.444236
1.444243
1.444285
1.444342
1.444413
1.444467
1.444590
1.444656
1.444747
1.445746
1.446887
1.447082
1.447240
1.447374
1.447572
1.447758
1.447783
1.449551
1.449624
1.449732
1.449900
1.450301
1.450395
1.450554
1.450609
1.450644
1.450728
1.450846
1.450949
1.451026
1.451055
1.451263
1.451382
1.451430
1.451474
1.451606
1.451697
1.451771
1.451922
1.451995
1.452050
1.452098
1.452154
1.452203
1.452285
1.452413
1.452542
1.452624
1.452610
1.452871
1.452964
1.453042
1.453165
1.453210
1.453356
1.453414
1.453452
1.453524
1.452444
1.453786
1.453851
1.454007
1.452671
1.452981
1.453019
1.453092
1.453393
1.453475
1.453547
1.453684
1.453755
1.453838
1.453963
1.454032
1.454110
1.454213
1.454329
1.454445
1.454507
1.454705
1.454807
1.454892
1.455151
1.455277
1.455415
1.455557
1.460098
1.455870
1.456437
1.456634
