0.133766
0.132112
0.132383
0.135884
0.135294
0.135350
0.135321
0.136684
0.135477
0.136985
0.137202
0.137342
0.137486
0.137774
0.137883
0.137994
0.137908
0.138222
0.138334
0.138454
0.138642
0.138883
0.139010
0.137930
0.139062
0.139153
0.139250
0.139695
0.139514
0.139653
0.140255
0.140255
0.140473
0.136785
0.141552
0.141692
0.141597
0.141997
0.141835
0.142238
0.142084
0.142196
0.142654
0.142783
0.142686
0.142804
0.142904
0.143018
0.143145
0.143256
0.143382
0.143475
0.143579
0.143664
0.143761
0.143859
0.143928
0.144029
0.144134
0.138736
0.147758
0.147974
0.148054
0.148034
0.148450
0.148495
0.148771
0.148763
0.149000
0.145981
0.149335
0.146093
0.146128
0.149338
0.149593
0.146545
0.146657
0.146527
0.146599
0.146975
0.146999
0.147116
0.147211
0.147287
0.147381
0.147459
0.147560
0.147192
0.147860
0.147905
0.148005
0.148099
0.148174
0.148233
0.148296
0.148329
0.148812
0.148906
0.148969
0.149037
0.149075
0.149170
0.149215
0.149282
0.149337
0.149397
0.147888
0.149635
0.136182
0.149820
0.149840
0.149858
0.149942
0.150008
0.148726
0.150227
0.150308
0.150404
0.150493
0.150608
0.150689
0.150774
0.150844
0.150947
0.151030
0.151123
0.151222
0.151308
0.151400
0.151795
0.151881
0.151977
0.152078
0.152183
0.152283
0.152370
0.152464
0.152558
0.152641
0.152732
0.152798
0.152599
0.153018
0.153105
0.152940
0.153039
0.153132
0.153226
0.153312
0.153415
0.153501
0.153596
0.153660
0.153771
0.153866
0.153875
0.150010
0.145735
0.144154
0.142586
0.142619
0.142729
0.142805
0.142899
0.143002
0.155034
0.155247
0.155226
0.143986
0.156434
0.156532
0.156646
0.156729
0.156823
0.156909
0.157000
0.157369
0.157535
0.157640
0.157742
0.157437
0.157534
0.157638
0.157737
0.157952
0.158059
0.158144
0.158255
0.158346
0.158445
0.158533
0.158625
0.158687
0.158786
0.158866
0.158959
0.159042
0.159139
0.159225
0.159314
0.159373
0.159455
0.159562
0.159643
0.159727
0.159808
0.159907
0.160193
0.158428
0.160387
0.158569
0.158646
0.158731
0.158789
0.157772
0.158993
0.159079
0.159131
0.159212
0.159296
0.159380
0.151444
0.159543
0.159635
0.159718
0.159813
0.159884
0.159964
0.160059
0.160099
0.160182
0.160272
0.160356
0.160444
0.160052
0.160634
0.160236
0.160321
0.160403
0.160492
0.160591
0.160648
0.160731
0.160881
0.160892
0.160975
0.161066
0.161156
0.161244
0.161316
0.161401
0.159193
0.159263
0.159345
0.159416
0.159496
0.159542
0.155510
0.150871
0.155725
0.155799
0.155898
0.155987
0.156080
0.156173
0.156276
0.156331
0.156391
0.156530
0.156577
0.164948
0.164960
0.164949
0.164950
0.165621
0.165613
0.165572
0.165515
0.165667
0.165869
0.165538
0.166130
0.165690
0.165824
0.165891
0.166001
0.166082
0.166175
0.166312
0.166610
0.166702
0.166797
0.166885
0.166994
0.167052
0.167839
0.168508
0.169029
0.169182
0.169216
0.169361
0.169409
0.169571
0.169512
0.169750
0.169831
0.169981
0.169977
0.170118
0.170150
0.170292
0.170350
0.170437
0.170567
0.170606
0.170741
0.170814
0.170889
0.171023
0.171058
0.171216
0.171303
0.171347
0.171480
0.171532
0.171654
0.171722
0.171858
0.171909
0.172042
0.172085
0.172180
0.172255
0.172365
0.172428
0.172562
0.172640
0.172738
0.172818
0.172912
0.172999
0.173095
0.172585
0.173302
0.173401
0.173487
0.173699
0.173767
0.173866
0.174330
0.174424
0.174535
0.174623
0.174716
0.174813
0.174827
0.174917
0.174999
0.175099
0.175193
0.175274
0.175355
0.175480
0.175513
0.175572
0.162257
0.175777
0.175874
0.175956
0.176047
0.176103
0.176193
0.175081
0.176400
0.176496
0.172152
0.176673
0.176760
0.176856
0.176917
0.176993
0.177082
0.177174
0.177258
0.177365
0.177444
0.177545
0.177606
0.177698
0.177772
0.177871
0.177957
0.178054
0.178142
0.178235
0.178312
0.178402
0.178487
0.178816
0.178926
0.179022
0.179106
0.179202
0.179287
0.179382
0.179472
0.179570
0.179656
0.179750
0.179835
0.179927
0.180021
0.180114
0.180189
0.180278
0.180357
0.182724
0.183504
0.183661
0.180418
0.177985
0.178070
0.178188
0.178271
0.197264
0.198403
0.198694
0.198967
0.200613
0.207132
0.210158
0.214594
0.214503
0.214654
0.218064
0.218696
0.220275
0.220441
0.225041
0.220757
0.225429
0.225874
0.226088
0.232703
0.233061
0.233177
0.232986
0.233477
0.233591
0.233694
0.233809
0.233934
0.234061
0.234196
0.236846
0.237125
0.237268
0.237307
0.233683
0.237574
0.237738
0.241397
0.246596
0.246752
0.246876
0.246994
0.247092
0.238082
0.226279
0.238408
0.238521
0.238595
0.247961
0.248071
0.248168
0.248283
0.248392
0.248612
0.248772
0.248911
0.249283
0.249634
0.249807
0.250022
0.250157
0.250387
0.250569
0.250687
0.250920
0.251065
0.251197
0.251351
0.254163
0.254506
0.254677
0.254813
0.254964
0.255100
0.255297
0.255428
0.255525
0.255524
0.253053
0.255792
0.255912
0.256050
0.256176
0.256301
0.256745
0.256909
0.257043
0.257177
0.257358
0.257494
0.257634
0.257753
0.265256
0.265474
0.263446
0.265741
0.265880
0.266016
0.266165
0.266330
0.266514
0.266744
0.266893
0.267089
0.267260
0.267369
0.267492
0.267604
0.267712
0.267820
0.268535
0.268654
0.268775
0.268871
0.268983
0.269081
0.269193
0.269076
0.269182
0.269289
0.269390
0.269503
0.269606
0.269331
0.269427
0.269514
0.269622
0.269773
0.270034
0.270156
0.270240
0.270359
0.270524
0.270630
0.270758
0.270849
0.270969
0.271315
0.271431
0.271173
0.271682
0.271769
0.265973
0.268944
0.264337
0.264424
0.269347
0.272309
0.272458
0.272825
0.272932
0.273044
0.273183
0.273299
0.273417
0.273517
0.273635
0.273743
0.273834
0.273936
0.274045
0.274190
0.274319
0.274425
0.274535
0.274632
0.274752
0.274861
0.274955
0.275047
0.275165
0.275267
0.275738
0.275862
0.275955
0.276073
0.276221
0.276343
0.276457
0.276579
0.276682
0.276782
0.274347
0.276951
0.277045
0.277156
0.277264
0.277378
0.277979
0.278160
0.276661
0.278463
0.278549
0.278656
0.278778
0.278888
0.278980
0.279089
0.279195
0.279320
0.277371
0.279549
0.279663
0.279776
0.279881
0.280040
0.280119
0.282990
0.283402
0.283540
0.283662
0.283765
0.283878
0.283996
0.284079
0.284196
0.284291
0.284412
0.283607
0.283722
0.283883
0.283986
0.284103
0.269814
0.279936
0.270312
0.270433
0.285028
0.286215
0.290844
0.286463
0.286565
0.286677
0.286759
0.286884
0.287069
0.287301
0.286691
0.286839
0.267942
0.262246
0.266770
0.266920
0.267054
0.267198
0.267331
0.268064
0.267664
0.267411
0.267604
0.267731
0.267870
0.267980
0.268115
0.270507
0.267937
0.273441
0.273708
0.273848
0.273994
0.271205
0.274318
0.274441
0.274551
0.274690
0.274808
0.274934
0.275079
0.275205
0.275320
0.275427
0.275549
0.275677
0.275793
0.275899
0.276005
0.276124
0.276236
0.285203
0.285495
0.292569
0.293690
0.294262
0.295878
0.298000
0.299926
0.300043
0.302972
0.306798
0.305313
0.308813
0.307238
0.311657
0.313144
0.314956
0.316691
0.317439
0.322631
0.328410
0.334796
0.328502
0.328621
0.328826
0.329100
0.329143
0.329255
0.329395
0.329672
0.329747
0.329824
0.330011
0.330173
0.330342
0.330431
0.330561
0.330663
0.330977
0.331019
0.331142
0.331277
0.331535
0.331550
0.331914
0.331989
0.332019
0.332130
0.332250
0.332283
0.332341
0.332397
0.332476
0.332528
0.332596
0.332638
0.332722
0.332776
0.332845
0.332894
0.332983
0.333024
0.333141
0.333570
0.333063
0.334173
0.334248
0.334298
0.334371
0.334432
0.334525
0.334606
0.338455
0.339513
0.339590
0.339713
0.339836
0.339940
0.340058
0.340306
0.339968
0.348448
0.340324
0.348003
0.349921
0.344696
0.348189
0.348747
0.349231
0.349393
0.349602
0.349808
0.349851
0.350011
0.350085
0.350138
0.350127
0.350174
0.350228
0.350318
0.350371
0.350444
0.350489
0.350567
0.350626
0.350711
0.350856
0.351363
0.351553
0.351555
0.351584
0.351621
0.351670
0.351690
0.351722
0.351749
0.351823
0.351808
0.351905
0.351954
0.352029
0.352072
0.352168
0.352181
0.352269
0.353594
0.352420
0.352848
0.352982
0.353040
0.350581
0.353200
0.353230
0.353264
0.353530
0.353738
0.351541
0.350143
0.349480
0.354023
0.355389
0.358800
0.354230
0.358414
0.354433
0.354498
0.359395
0.354622
0.359529
0.354750
0.359673
0.354918
0.355041
0.360230
0.355508
0.360458
0.355640
0.359060
0.360666
0.360744
0.359024
0.361144
0.356559
0.358214
0.366129
0.366424
0.361821
0.366813
0.366987
0.358251
0.367987
0.363402
0.368404
0.368546
0.363949
0.364114
0.369067
0.369204
0.366611
0.371652
0.367043
0.372002
0.367401
0.372339
0.367712
0.372724
0.368086
0.373070
0.368453
0.373393
0.368741
0.373690
0.369043
0.373942
0.369290
0.374244
0.369649
0.374593
0.369960
0.370112
0.375077
0.370477
0.382885
0.382585
0.382936
0.383097
0.383184
0.383128
0.383082
0.377866
0.377878
0.382520
0.380094
0.379372
0.375725
0.379400
0.379282
0.379434
0.379298
0.379429
0.379309
0.379315
0.384391
0.375079
0.384420
0.378178
0.384441
0.378202
0.384469
0.378205
0.378209
0.384489
0.379520
0.384519
0.379525
0.384498
0.379533
0.378307
0.378317
0.378310
0.379628
0.384568
0.378373
0.384576
0.378381
0.384617
0.378314
0.384644
0.378304
0.378320
0.384670
0.378323
0.384694
0.379831
0.379835
0.379835
0.384745
0.379846
0.384762
0.379822
0.379854
0.379827
0.384814
0.379830
0.379842
0.379844
0.384865
0.378639
0.384884
0.384912
0.384936
0.384941
0.384952
0.384934
0.384957
0.384960
0.385219
0.385232
0.385247
0.385236
0.385217
0.385234
0.385239
0.385273
0.385432
0.385555
0.385686
0.380383
0.386118
0.380708
0.386415
0.381001
0.386747
0.386711
0.387071
0.387093
0.387861
0.388849
0.389566
0.389777
0.389933
0.390054
0.390093
0.390182
0.390249
0.390196
0.390248
0.390343
0.390419
0.390461
0.390530
0.390579
0.390646
0.390691
0.390744
0.390796
0.390899
0.391388
0.391440
0.391890
0.391947
0.392017
0.392064
0.392135
0.392186
0.392225
0.392325
0.392348
0.392520
0.392821
0.392915
0.392962
0.393038
0.393086
0.393126
0.393205
0.390705
0.393362
0.379077
0.394415
0.394517
0.394615
0.395240
0.395291
0.394253
0.380552
0.380699
0.380860
0.380897
0.381190
0.381350
0.381508
0.381666
0.381790
0.381951
0.382238
0.382352
0.382506
0.383638
0.383887
0.384099
0.384268
0.384478
0.384648
0.384815
0.384994
0.385048
0.385361
0.385982
0.385212
0.387701
0.387729
0.387824
0.388581
0.388700
0.388818
0.388852
0.388910
0.388983
0.389038
0.389103
0.389143
0.389241
0.388638
0.388803
0.388794
0.388903
0.389314
0.389389
0.389449
0.389508
0.388975
0.389860
0.390065
0.390150
0.390201
0.389752
0.389910
0.390080
0.390368
0.390616
0.390790
0.390915
0.390593
0.390760
0.390890
0.391113
0.391261
0.391409
0.391473
0.391584
0.391706
0.391748
0.391777
0.391818
0.391890
0.391945
0.391999
0.392054
0.392154
0.392183
0.392230
0.392310
0.392412
0.392566
0.392842
0.393506
0.393545
0.393637
0.393762
0.393865
0.393982
0.394056
0.392815
0.394174
0.394268
0.394405
0.394506
0.394620
0.394685
0.397784
0.382151
0.394917
0.395044
0.395131
0.395256
0.395655
0.395972
0.397047
0.397024
0.397023
0.397011
0.397005
0.396994
0.396991
0.397351
0.397492
0.397617
0.397741
0.397880
0.397985
0.398092
0.398151
0.398186
0.398290
0.398407
0.398465
0.398534
0.398560
0.398733
0.399179
0.399262
0.399301
0.399372
0.399412
0.399468
0.399529
0.399654
0.399778
0.399869
0.399968
0.400285
0.400663
0.400909
0.400964
0.401036
0.401099
0.401136
0.401194
0.401240
0.401380
0.401391
0.401429
0.401505
0.401623
0.401818
0.401934
0.401913
0.401935
0.401978
0.402038
0.402105
0.402162
0.402202
0.402260
0.402334
0.402371
0.402446
0.402571
0.402806
0.402931
0.402959
0.402791
0.403179
0.403265
0.403387
0.403448
0.403504
0.403587
0.403692
0.403791
0.403903
0.409137
0.409198
0.409237
0.409296
0.404264
0.404320
0.404346
0.404412
0.404455
0.404510
0.404540
0.404614
0.404639
0.404706
0.404739
0.404871
0.405160
0.405295
0.405365
0.405428
0.405459
0.405523
0.405583
0.405619
0.405668
0.405681
0.405750
0.405877
0.406052
0.406178
0.406249
0.406375
0.406472
0.411971
0.406593
0.406636
0.406720
0.406839
0.407235
0.412887
0.407523
0.407641
0.407744
0.407867
0.407997
0.408112
0.408248
0.408368
0.408507
0.408627
0.408770
0.409045
0.409751
0.409877
0.410136
0.410218
0.410324
0.410467
0.410536
0.410677
0.410819
0.410945
0.411082
0.411206
0.422917
0.423850
0.430904
0.425004
0.434161
0.435157
0.435744
0.435985
0.428941
0.432915
0.448764
0.433283
0.433389
0.433502
0.433636
0.433739
0.433826
0.433940
0.434031
0.449294
0.450181
0.450278
0.434558
0.434658
0.434779
0.434897
0.435019
0.451042
0.451130
0.452317
0.452367
0.452377
0.452398
0.452404
0.452417
0.452560
0.437264
0.452372
0.447210
0.446471
0.446674
0.452711
0.452735
0.453266
0.453292
0.453299
0.453316
0.453398
0.453570
0.453579
0.453599
0.453792
0.453812
0.453817
0.454085
0.454095
0.454355
0.454370
0.454392
0.454396
0.454655
0.454718
0.426786
0.426807
0.426829
0.426927
0.427141
0.427168
0.427192
0.427407
0.427437
0.427459
0.427579
0.427606
