0.183227
0.190654
0.180587
0.214058
0.182858
0.197287
0.188026
0.195615
0.188327
1.395149
1.395255
1.395649
1.395881
1.396052
1.396218
1.396436
1.396580
1.396848
1.397493
1.397546
1.397533
1.397569
1.398067
1.398104
1.398295
1.398894
1.395218
1.399497
1.399722
1.399895
1.400045
1.406623
1.402769
1.407178
1.405578
1.403691
1.402274
1.380174
1.397423
1.403807
1.398597
1.403522
1.403728
1.400287
1.404156
1.399421
1.402766
1.404019
1.404487
1.404512
1.405492
1.405994
1.406041
1.406389
1.406748
1.406912
1.407458
1.407482
1.407750
1.407745
1.407970
1.408535
1.408281
1.408182
1.408534
1.408342
1.408545
1.408623
1.409017
1.409372
1.409780
1.410172
1.410530
1.410921
1.411549
1.411811
1.411978
1.412093
1.412241
1.412450
1.412489
1.412629
1.412767
1.412977
1.413003
1.413571
1.413705
1.413876
1.413986
1.414131
1.414470
1.414727
1.414913
1.414924
1.415071
1.415230
1.415466
1.413907
1.415743
1.415891
1.415966
1.416068
1.416210
1.415978
1.416051
1.416138
1.416199
1.416253
1.416300
1.416387
1.416449
1.416678
1.417167
1.420019
1.418707
1.416325
1.418962
1.419328
1.419399
1.419465
1.419433
1.419617
1.419700
1.419750
1.419772
1.419855
1.419907
1.419879
1.419949
1.420005
1.420079
1.420221
1.420496
1.420567
1.420614
1.420658
1.420736
1.420803
1.420873
1.420760
1.421027
1.421104
1.421157
1.421287
1.421324
1.421387
1.421422
1.421556
1.421867
1.422121
1.422346
1.422409
1.422502
1.422566
1.422617
1.422648
1.422790
1.422866
1.422617
1.421872
1.415954
1.421865
1.421919
1.421991
1.422061
1.422185
1.422535
1.422602
1.422738
1.422776
1.422833
1.422898
1.423012
1.423118
1.423228
1.423309
1.423385
1.423449
1.423515
1.423590
1.424162
1.423759
1.421581
1.421210
1.421894
1.421897
1.421847
1.421671
1.421735
1.421790
1.421808
1.421952
1.421958
1.421986
1.422049
1.422119
1.422488
1.422527
1.422654
1.422677
1.422740
1.422796
1.422570
1.423181
1.423310
1.423411
1.423668
1.423625
1.423978
1.424060
1.424126
1.424226
1.424309
1.424380
1.424479
1.424575
1.425044
1.425027
1.425101
1.425168
1.425226
1.425373
1.425760
1.425933
1.426005
1.424274
1.426160
1.426273
1.426368
1.426458
1.426542
1.426638
1.426704
1.426792
1.430903
1.430975
1.431088
1.432792
1.433436
1.433490
1.435101
1.435331
1.435493
1.435621
1.435738
1.436111
1.436849
1.436982
1.437111
1.437211
1.437719
1.437839
1.437961
1.438155
1.439347
1.439511
1.439609
1.439691
1.439763
1.439838
1.439743
1.440005
1.440061
1.440145
1.440232
1.441037
1.441056
1.441191
1.438019
1.442208
1.442362
1.442434
1.442534
1.442608
1.442666
1.442719
1.442809
1.442757
1.443004
1.443090
1.443152
1.443253
1.443307
1.443310
1.443936
1.443989
1.444076
1.444005
1.444246
1.444313
1.444382
1.444460
1.444529
1.444539
1.444616
1.444690
1.444763
1.444820
1.444888
1.445042
1.445330
1.445403
1.445479
1.445539
1.445598
1.445672
1.445721
1.445797
1.445070
1.446344
1.442070
1.446812
1.446880
1.446967
1.447181
1.447262
1.447307
1.447421
1.447458
1.447540
1.447618
1.447704
1.447764
1.447851
1.447893
1.448043
1.448348
1.448463
1.448681
1.448791
1.448850
1.448927
1.448969
1.449046
1.449121
1.449192
1.449261
1.449340
1.449409
1.449485
1.449586
1.449901
1.449964
1.450017
1.450094
1.450165
1.448300
1.450339
1.450395
1.450471
1.450540
1.450598
1.450671
1.450727
1.450776
1.450858
1.450956
1.451848
1.452178
1.452324
1.452403
1.452484
1.452558
1.452619
1.452657
1.452723
1.452774
1.452851
1.452924
1.453005
1.453073
1.453216
1.453511
1.453587
1.453639
1.453695
1.453762
1.453839
1.453886
1.453960
1.454026
1.454104
1.454154
1.454233
1.454298
1.454354
1.454421
1.454517
1.455388
1.454660
1.455334
1.455410
1.455481
1.455544
1.455626
1.443614
1.455327
1.455051
1.455097
1.455988
1.455265
1.455727
1.455463
1.455368
1.456327
1.455492
1.456559
1.455764
1.458277
1.458002
1.455611
1.457183
1.457860
1.457913
1.458026
1.458123
1.458175
1.459606
1.462132
1.462516
1.462552
1.462675
1.462700
1.462777
1.462869
1.462957
1.463031
1.463109
1.463157
1.463232
1.463305
1.463429
1.463624
1.464036
1.460385
1.464335
1.463966
1.464567
1.464264
1.464924
1.465026
1.466200
1.466362
1.466464
1.466579
1.466832
1.466940
1.467611
1.467731
1.467829
1.455168
1.468002
1.468096
1.468136
1.468140
1.468202
1.468434
1.468372
1.468438
1.468512
1.468592
1.468593
1.468821
1.468957
1.469025
1.469073
1.456968
1.469270
1.469334
1.469262
1.469316
1.469392
1.469463
1.469535
1.469615
1.469690
1.469776
1.470291
1.470370
1.470452
1.470525
1.470605
1.470670
1.470723
1.470795
1.470794
1.470877
1.470929
1.471028
1.471109
1.471167
1.471245
1.471811
1.472504
1.472691
1.472794
1.472889
1.472950
1.473038
1.473102
1.473177
1.471112
1.473280
1.473357
1.473429
1.473501
1.473582
1.473676
1.473748
1.473803
1.474517
1.474692
1.476601
1.476714
1.476827
1.476938
1.477020
1.477004
1.477119
1.477209
1.477276
1.477358
1.477430
1.477516
1.477587
1.477647
1.477713
1.477804
1.477869
1.477954
1.478471
1.478949
1.480463
1.480646
1.480787
1.480699
1.481160
1.483098
1.483336
1.483583
1.483605
1.483913
1.477997
1.484180
1.483942
1.484088
1.485250
1.482423
1.485538
1.485602
1.485679
1.486190
1.486294
1.486382
1.486874
1.486957
1.487019
1.487170
1.488990
1.489205
1.489853
1.490061
1.490213
1.488556
1.490435
1.490497
1.490595
1.490554
1.490897
1.491288
1.491372
1.491400
1.491567
1.491572
1.491649
1.491728
1.491815
1.491864
1.491988
1.492051
1.492118
1.492168
1.492251
1.492407
1.492763
1.492876
1.492977
1.493039
1.493127
1.493171
1.493258
1.493322
1.493355
1.493509
1.493545
1.493680
1.493746
1.493818
1.494000
1.494300
1.494377
1.494448
1.494534
1.494599
1.494684
1.494728
1.494813
1.494893
1.494984
1.495013
1.495091
1.495167
1.495252
1.495365
1.495676
1.495732
1.495810
1.495881
1.495947
1.496092
1.496110
1.496152
1.496232
1.496313
1.494490
1.496483
1.495569
1.496671
1.496758
1.496894
1.497145
1.497211
1.497265
1.497338
1.497425
1.496737
1.497607
1.497679
1.497758
1.497817
1.497890
1.497981
1.498049
1.498126
1.498261
1.498578
1.498115
1.498185
1.498261
1.498325
1.498368
1.498437
1.498510
1.498577
1.498642
1.498710
1.498204
1.498883
1.498948
1.499071
1.499380
1.499475
1.499208
1.499475
1.499642
1.499984
1.497170
1.497303
1.500447
1.501086
1.499056
1.500288
1.500811
1.499798
1.499937
1.501416
1.500136
1.501612
1.501670
1.500421
1.502356
1.501134
1.501207
1.501284
1.501369
1.502866
1.502947
1.503027
1.501754
1.503200
1.501936
1.498876
1.502112
1.503532
1.504160
1.504225
1.503050
1.503127
1.503234
1.503461
1.503576
1.505026
1.505116
1.505200
1.505290
1.505365
1.505406
1.505467
1.505553
1.505635
1.505787
1.505013
1.505065
1.505133
1.505212
1.505295
1.506599
1.506478
1.506776
1.506854
1.505784
1.505858
1.505936
1.506016
1.506091
1.506229
1.506546
1.506630
1.506713
1.506811
1.506900
1.506974
1.507046
1.508575
1.508664
1.508733
1.508818
1.506187
1.509059
1.509139
1.509293
1.509620
1.509690
1.509751
1.509816
1.509906
1.509983
1.510037
1.510165
1.511541
1.513244
1.511870
1.513517
1.513641
1.512339
1.512469
1.513178
1.535621
1.513967
1.513497
1.512437
1.518848
1.518181
1.518354
1.518423
1.518522
1.520215
1.520368
1.520512
1.520581
1.520649
1.520705
1.520856
1.520948
1.521055
1.521305
1.520084
1.520221
1.519709
1.519811
1.519681
1.520023
1.519783
1.519719
1.520126
1.522648
1.522794
1.523014
1.523109
1.520769
1.523466
1.523558
1.523761
1.524131
1.524174
1.524306
1.520985
1.524595
1.522487
1.524819
1.522527
1.524718
1.521859
1.524439
1.523644
1.523763
1.523908
1.524032
1.524163
1.528035
1.528080
1.528169
1.528278
1.528360
1.528489
1.528510
1.528552
1.525466
1.527449
1.529045
1.529331
1.530013
1.530662
1.531115
1.531300
1.531453
1.528572
1.531797
1.531947
1.532110
1.532710
1.531496
1.533065
1.533211
1.534132
1.534427
1.534521
1.559096
1.533663
1.533713
1.532045
1.532204
1.535215
1.534397
1.534349
1.534404
1.534466
1.534502
1.534577
1.534587
1.534654
1.534759
1.534812
1.534880
1.534957
1.534955
1.534160
1.534181
1.537323
1.536315
1.536428
1.562329
1.535472
1.535507
1.562687
1.535649
1.550097
1.563118
1.563176
1.563270
1.563321
1.563377
1.563443
1.563615
1.563748
1.563813
1.563897
1.563948
1.564092
1.555265
1.555259
1.555353
1.555408
1.542523
1.555651
