0.973624
0.977473
0.977567
0.977045
0.979539
0.993151
0.990240
0.986967
0.985803
0.994043
0.993951
0.991557
0.994762
0.994451
0.995096
0.995239
0.994994
0.994936
0.995085
0.996357
0.995451
0.995736
0.996794
0.996998
0.996482
1.003259
1.001414
1.000028
1.003974
1.004757
1.004507
1.004236
1.006102
1.005534
1.009378
1.000876
1.009663
1.009790
0.995123
0.996077
0.985806
0.996704
0.996720
0.996836
0.996845
0.997197
0.997600
0.997631
0.997695
0.997922
0.998082
0.998197
0.998523
0.998950
0.999472
0.999898
1.008367
1.008530
1.011721
1.013309
1.013614
1.014406
1.015254
1.016221
1.017104
1.017981
1.018304
1.018476
1.018910
1.019081
1.019195
1.019352
1.019543
1.019559
1.019923
1.020477
1.021120
1.021207
1.021549
1.021955
1.022390
1.022659
1.009935
1.029242
1.030333
1.030479
1.030627
1.030806
1.031020
1.031291
1.031395
1.031558
1.039499
1.039565
1.039631
1.039715
1.039828
1.040034
1.040190
1.040388
1.040510
1.040605
1.040662
1.040760
1.040857
1.040977
1.041004
1.041334
1.041528
1.041565
1.041712
1.041823
1.041756
1.042017
1.042107
1.042161
1.042336
1.051731
1.042521
1.042590
1.042795
1.042889
1.043008
1.043111
1.043293
1.043496
1.043900
1.044451
1.044691
1.044812
1.044872
1.044982
1.045145
1.045239
1.042845
1.045446
1.043606
1.044238
1.047259
1.047449
1.047606
1.047731
1.047751
1.047943
1.048193
1.048778
1.048939
1.043784
1.049200
1.049065
1.049501
1.051688
1.051781
1.051957
1.052059
1.052116
1.052162
1.052215
1.052171
1.052217
1.052298
1.052317
1.052421
1.052486
1.052570
1.052619
1.052406
1.052597
1.052874
1.052712
1.052799
1.052898
1.052956
1.053005
1.053097
1.053236
1.053425
1.053566
1.053624
1.053693
1.053724
1.053792
1.053821
1.053931
1.054061
1.054189
1.054285
1.054407
1.054512
1.054642
1.055305
1.055441
1.055590
1.055713
1.056048
1.053871
1.053993
1.054147
1.054251
1.056877
1.056930
1.057044
1.057104
1.057213
1.057412
1.057506
1.057692
1.057802
1.057903
1.058755
1.058943
1.059085
1.059224
1.059358
1.059486
1.059612
1.059711
1.059842
1.058083
1.060306
1.060459
1.058727
1.058901
1.060998
1.062022
1.062117
1.062319
1.058546
1.060859
1.060904
1.061010
1.065664
1.065496
1.065511
1.065615
1.065712
1.065843
1.065931
1.065982
1.070653
1.072275
1.068531
1.068719
1.068797
1.068803
1.068892
1.068938
1.069020
1.069095
1.069119
1.069186
1.069144
1.069271
1.069260
1.069383
1.070421
1.070585
1.070676
1.070702
1.070780
1.070811
1.070879
1.070920
1.064172
1.071027
1.071181
1.071240
1.071259
1.071331
1.071372
1.071609
1.072048
1.072362
1.072477
1.072570
1.072587
1.072717
1.072930
1.073058
1.073184
1.073353
1.073589
1.073786
1.073940
1.074154
1.074338
1.074524
1.074703
1.075433
1.075491
1.075572
1.075648
1.075731
1.075766
1.075839
1.075920
1.076026
1.075695
1.055588
1.067696
1.070360
1.070340
1.070463
1.070582
1.070905
1.070948
1.071245
1.052636
1.050839
1.050580
1.050548
1.049098
1.049119
1.049225
1.049296
1.070921
1.049483
1.049442
1.072865
1.073021
1.073163
1.073375
1.073521
1.073667
1.073811
1.073959
1.074048
1.074175
1.074347
1.074455
1.074570
1.074702
1.074825
1.075077
1.074573
1.075324
1.075448
1.075570
1.075698
1.075823
1.075947
1.076075
1.076202
1.076363
1.076487
1.076608
1.079662
1.079963
1.080213
1.080741
1.081394
1.081618
1.081777
1.081926
1.082053
1.082189
1.082325
1.082340
1.082470
1.082608
1.082760
1.082938
1.083935
1.084152
1.084028
1.084106
1.084180
1.084233
1.084317
1.084346
1.084461
1.084603
1.084783
1.084857
1.084929
1.084983
1.085032
1.085091
1.085140
1.085203
1.085243
1.085293
1.085352
1.085411
1.085461
1.085509
1.085585
1.087587
1.087757
1.087861
1.087977
1.088090
1.088203
1.088313
1.088418
1.088504
1.088622
1.088752
1.088933
1.089092
1.089213
1.089319
1.071574
1.071659
1.086919
1.076314
1.074988
1.075098
1.072588
1.075341
1.072859
1.086908
1.086902
1.073258
1.087153
1.073507
1.087378
1.088162
1.088305
1.076484
1.076171
1.076249
1.076358
1.076457
1.075378
1.077211
1.077413
1.077534
1.077627
1.080549
1.080659
1.080772
1.081523
1.078933
1.079044
1.081905
1.081969
1.081057
1.082222
1.082293
1.100187
1.082549
1.082652
1.079245
1.082898
1.082476
1.079568
1.083339
1.080381
1.080569
1.083310
1.083642
1.083757
1.081502
1.088558
1.091148
1.088885
1.089020
1.091579
1.088124
1.089458
1.094655
1.095338
1.095457
1.095559
1.095656
1.115061
1.093594
1.093695
1.093806
1.093903
1.096381
1.096511
1.096615
1.096727
1.096830
1.096980
1.112502
1.098230
1.098338
1.098471
1.106275
1.119242
1.123623
1.123707
1.123824
1.123854
1.123912
1.119269
1.119328
1.119405
1.124283
1.124402
1.125038
1.125149
1.125608
1.121164
1.125893
1.125962
1.124641
1.121542
1.121557
1.113903
1.121834
1.126592
1.126647
1.126667
1.122356
1.125998
1.122866
1.123004
1.123140
1.126691
1.123470
1.123576
1.127144
1.127391
1.124142
1.128371
1.125175
1.128730
1.128872
1.125642
1.125778
1.125906
1.129480
1.129592
1.129589
1.126594
1.126448
1.130372
1.119659
1.130485
1.131632
1.133668
1.133987
1.130625
1.131378
1.134076
1.134298
1.135794
1.134176
1.134242
1.134289
1.134353
1.134392
1.138646
1.134663
1.134852
1.134998
1.135199
1.135493
1.135692
1.135898
1.136044
1.136235
1.136483
1.136670
1.141273
1.141455
1.141535
1.141633
1.138232
1.142648
1.139253
1.139492
1.144045
1.144223
1.140095
1.140228
1.134389
1.140584
1.145137
1.144946
1.143578
1.147803
1.144123
1.148702
1.148878
1.146420
1.137791
1.150803
1.150993
1.151180
1.151344
1.151492
1.141900
1.152415
1.151873
1.153469
1.144695
1.144775
1.155430
1.153431
1.153535
1.153575
1.155391
1.153727
1.145411
1.145485
1.153977
1.154073
1.154120
1.145828
1.154240
1.154358
1.154390
1.154487
1.154524
1.140893
1.154733
1.154756
1.154908
1.155002
1.155198
1.155305
1.155383
1.147354
1.153778
1.152894
1.147626
1.142291
1.147741
1.142414
1.147648
1.152651
1.152688
1.152680
1.152688
1.152680
1.152521
1.152556
1.152567
1.152588
1.152621
1.153063
1.153093
1.153629
1.153449
1.154231
1.154387
1.154281
1.154440
1.154547
1.154691
1.155086
1.155250
1.155379
1.155513
1.156155
1.155967
1.155248
1.155591
1.157096
1.157332
1.156776
1.155954
1.156437
1.170549
1.159060
1.159148
1.158360
1.158433
1.158524
1.158581
1.158626
1.158667
1.158735
1.158773
1.160015
1.159075
1.160329
1.160630
1.161021
1.160018
1.173061
1.173211
1.173337
1.160712
1.173747
1.163818
1.161234
1.161275
1.161286
1.161888
1.161581
1.161748
1.161257
1.161642
1.163968
1.162977
1.163381
1.164506
1.165660
1.165010
1.165177
1.166767
1.165533
1.165683
1.166766
1.166007
1.166170
1.166367
1.167296
1.168568
1.167707
1.168790
1.167478
1.168083
1.169697
1.168838
1.173236
1.175408
1.175449
1.174414
1.174513
1.174484
1.177065
1.174489
1.175554
1.179337
1.174581
1.175550
1.172350
1.173073
1.173099
1.173317
1.188919
1.175404
1.181904
1.174316
1.174379
1.176680
1.176703
1.176728
1.176789
1.176791
1.174130
1.173367
1.174624
1.196050
1.175099
1.177427
1.196707
1.177644
1.177730
1.177751
1.177804
1.177862
1.176054
1.176159
1.178554
1.175689
1.178715
1.178811
1.198243
1.179170
1.198512
1.198671
1.193594
1.193739
1.200563
1.201120
1.204976
1.207320
1.202205
1.202357
1.202487
1.204560
1.190840
1.189105
1.203420
1.195699
1.195581
1.204029
1.204205
1.204772
1.204844
1.196713
1.198525
1.199485
1.207936
1.208103
1.200105
1.211623
1.209403
1.209633
1.213295
1.209645
1.209688
1.209739
1.209781
1.209875
1.210049
1.210169
1.205028
1.210777
1.210816
1.210813
1.214893
1.210804
1.215848
1.216006
1.215410
1.216382
1.216595
1.216766
1.213181
1.217174
1.213482
1.217539
1.217689
1.217727
1.208846
1.217900
1.217352
1.217936
1.218011
1.209830
1.218186
1.218230
1.218351
1.210590
1.210215
1.210886
1.219895
1.206412
1.220340
1.220388
1.206909
1.206951
1.212526
1.212215
1.208613
1.212969
1.211990
1.212086
1.203911
1.212487
1.212514
1.212603
1.212742
1.202796
1.212979
1.211850
1.213135
1.213167
1.212071
1.210603
1.213674
1.212733
1.212923
1.212976
1.213063
1.214438
1.214662
1.206337
1.215019
1.215367
1.214400
1.215718
1.215762
1.214948
1.215033
1.216156
1.215249
1.215477
1.214364
1.214435
1.215959
1.214598
1.214662
1.214719
1.214775
1.216354
1.216380
1.215037
1.214103
1.215292
1.210737
1.211266
1.211575
1.211872
1.212922
1.213174
1.213833
1.214087
1.214245
1.214418
1.214611
1.214758
1.214899
1.215063
1.215236
1.215418
1.220234
1.220430
1.220762
1.221110
1.220703
1.221456
1.221662
1.221830
1.222803
1.223014
1.223175
1.223296
1.223452
1.223599
1.223756
1.224763
1.225076
1.225270
1.225818
1.226023
1.226129
1.226162
1.226132
1.226482
1.226683
1.226864
1.227081
1.227186
1.227345
1.227523
1.227666
1.227751
1.227795
1.227930
1.228176
1.228418
1.228677
1.228894
1.228965
1.228986
1.229078
1.229213
1.229367
1.229416
1.229492
1.229731
1.244970
1.243035
1.230160
1.243536
1.243723
1.243867
1.244035
1.244186
1.244211
1.244273
1.244437
1.244673
1.245446
1.245658
1.245840
1.245981
1.246059
1.246135
1.246194
1.246301
1.246519
1.246688
1.247106
1.247225
1.247320
1.247390
1.247487
1.247551
1.247658
1.247743
1.247785
1.268440
1.225251
1.226614
1.226422
1.226777
1.228574
1.229133
1.229251
1.229330
1.229545
1.229644
1.229866
1.229952
1.230309
1.230402
1.230594
1.230683
1.230491
1.230588
1.230788
1.230887
1.231288
1.231796
1.231879
1.232029
1.232100
1.232279
1.232302
1.232440
1.232576
1.232916
1.233316
1.233615
1.233814
1.234208
1.234460
1.234892
1.235365
1.235646
1.235945
1.236098
1.236263
1.236358
1.236376
1.236422
1.236485
1.236571
1.236697
1.236917
1.236981
1.237079
1.237161
1.238107
1.238180
1.239079
1.243697
1.247496
1.247688
1.247822
1.248606
1.248269
1.248920
1.249023
1.249253
1.249343
1.249443
1.249535
1.250465
1.250599
1.250721
1.250831
1.250935
1.251031
1.251162
1.251282
1.251705
1.251820
1.251932
1.252105
1.252193
1.252271
1.252333
1.252400
1.252472
1.252578
1.252678
1.252786
1.252891
1.253060
1.253681
1.253801
1.253908
1.254042
1.254145
1.254244
1.254378
1.255094
1.258942
1.259070
1.258957
1.258969
1.258993
1.259010
1.259024
1.259030
1.259039
1.258982
1.258986
1.258973
1.258979
1.259003
1.259002
1.259008
1.258978
1.259000
1.259007
1.257761
1.260141
1.260239
1.260351
1.260446
1.260167
1.260277
1.260380
1.260884
1.261014
1.261122
1.261207
1.261435
1.262007
1.264201
1.265855
1.266212
1.266224
1.266335
1.266422
1.266632
1.266691
1.266984
1.267058
1.267127
1.267354
1.268050
1.268066
1.268081
1.263431
1.268093
1.263395
1.271298
1.263405
1.263595
1.263478
1.263722
1.264101
1.263128
1.263537
1.274375
1.269087
1.276129
1.276277
1.276435
1.276517
1.276749
1.271280
1.277339
1.272144
1.272294
1.272432
1.272476
1.272603
1.278394
1.278773
1.278812
1.279693
1.279569
1.273766
1.273891
1.274038
1.274180
1.274327
1.274431
1.279619
1.274644
1.274762
1.275247
1.275811
1.275930
1.276275
1.276400
1.278038
1.276906
1.277142
1.277194
1.277329
1.277323
1.277456
1.277545
1.277678
1.277745
1.277883
1.277960
1.278061
1.278365
1.278339
1.279041
1.278648
1.278819
1.278885
1.279088
1.279197
1.279426
1.279897
1.279990
1.282273
1.282414
1.290890
1.292302
1.292636
1.292769
1.292880
1.293017
1.293069
1.293123
1.293189
1.293252
1.299217
1.293426
1.299382
1.293566
1.293639
1.293715
1.299801
1.294067
1.300140
1.294290
1.300318
1.294474
1.294887
1.306969
1.309596
1.301176
1.301178
1.309405
1.301765
1.309432
1.309443
1.309436
1.309465
1.301786
1.309493
1.301738
1.309515
1.301783
1.309541
1.301677
1.309570
1.309584
1.309612
1.309639
1.309564
1.309588
1.309610
1.309633
1.309697
1.309692
1.308661
1.307745
1.307772
1.307840
1.307874
1.307931
1.307935
1.307987
1.308044
1.308102
1.308136
1.308206
1.308258
1.308300
1.308398
1.308597
1.308830
1.309161
1.309469
1.309504
1.305198
1.304557
1.304596
1.304706
1.304786
1.304536
1.311130
1.311090
1.298666
1.311137
1.310873
1.311256
1.311341
1.311490
1.311721
1.311902
1.311957
1.312037
1.312273
1.313239
1.315369
1.315234
1.315363
1.315468
1.315586
1.315600
1.315636
1.315698
1.315702
1.315791
1.315955
1.316374
1.316400
1.316436
1.316515
1.316612
1.316751
1.317156
1.317378
1.317416
1.317640
1.318231
1.319929
1.308082
1.319856
1.320327
1.319451
1.320908
1.320749
1.320914
1.321050
1.321200
1.321317
1.321516
1.321843
1.321996
1.322063
1.322110
1.322159
1.322180
1.322277
1.322737
1.322807
1.322848
1.322962
1.323165
1.323355
1.323489
1.324015
1.324075
1.324095
1.324201
1.324267
1.324408
1.324610
1.324711
1.324872
1.325098
1.325221
1.326208
1.326053
1.325932
1.325794
1.325779
1.350725
1.325740
1.325728
1.325852
1.326054
1.326318
1.325261
1.317652
1.326541
1.325416
1.324746
1.326998
1.327445
1.327577
1.327634
1.327677
1.327764
1.327890
1.328051
1.328214
1.328306
1.328434
1.328711
1.328963
1.329072
1.329157
1.329342
1.329455
1.329605
1.329682
1.329831
1.329944
1.330017
1.330200
1.330372
1.330741
1.330853
1.330910
1.331863
1.331832
1.331814
1.331729
1.331893
1.337223
1.331988
1.339605
1.339776
1.339899
1.334538
1.340199
1.340403
1.338151
1.337694
1.327042
1.338697
1.339121
1.330064
1.331032
1.340519
1.347705
1.342702
1.351049
1.351499
1.348094
1.350534
1.350563
1.350611
1.351167
1.351286
1.351483
1.351573
1.351709
1.351846
1.351970
1.352109
1.352213
1.352327
1.352423
1.352612
1.352753
1.352906
1.353043
1.353115
1.353196
1.353272
1.353362
1.353479
1.353612
1.353735
1.353909
1.354151
1.355083
1.355295
1.355449
1.355592
1.355731
1.355869
1.356633
1.353370
1.357032
1.357175
1.353835
1.358461
1.354906
1.355026
1.355064
1.355139
1.355196
1.355261
1.355339
1.355388
1.360903
1.405689
1.447733
1.455201
1.457517
