0.778016
0.778832
0.779231
0.779659
0.779978
0.780254
0.780494
0.780638
0.781091
0.781107
0.781548
0.781925
0.782343
0.782897
0.782931
0.783295
0.783649
0.770287
0.783922
0.771295
0.771514
0.771859
0.786066
0.786478
0.786723
0.787350
0.787372
0.787387
0.787820
0.786333
0.787075
0.789157
0.789332
0.789470
0.790515
0.790934
0.791620
0.791852
0.792256
0.792709
0.792959
0.793095
0.793236
0.793410
0.793525
0.793645
0.793795
0.793903
0.794441
0.794731
0.795019
0.795312
0.795617
0.796211
0.796260
0.796358
0.796487
0.796606
0.796736
0.796828
0.796952
0.797067
0.797163
0.796897
0.797446
0.797633
0.797715
0.798634
0.798606
0.798904
0.799179
0.799504
0.799830
0.800128
0.800445
0.800626
0.800750
0.801141
0.804154
0.804463
0.804625
0.804810
0.804984
0.805359
0.805025
0.801833
0.805740
0.805753
0.805992
0.806111
0.806222
0.806334
0.806457
0.806555
0.806668
0.806782
0.806871
0.806785
0.807119
0.807265
0.807723
0.808093
0.808374
0.805666
0.808930
0.809033
0.809042
0.809148
0.809278
0.809371
0.809322
0.809439
0.809527
0.809695
0.809768
0.809933
0.810026
0.810162
0.811018
0.811182
0.811319
0.811443
0.811554
0.811674
0.811789
0.811885
0.812005
0.812110
0.811910
0.812002
0.812180
0.812422
0.812561
0.812638
0.812771
0.812841
0.812964
0.813030
0.813088
0.813151
0.813281
0.813332
0.813415
0.813829
0.812606
0.814139
0.814246
0.812937
0.812667
0.812782
0.812905
0.813030
0.813164
0.813282
0.813412
0.813699
0.814265
0.814402
0.814554
0.814776
0.814887
0.814954
0.815099
0.806767
0.767442
0.770412
0.770483
0.770541
0.770622
0.770739
0.770864
0.770906
0.770979
0.771037
0.807784
0.807818
0.807888
0.807585
0.807967
0.808064
0.786098
0.780698
0.780807
0.784390
0.782965
0.782532
0.782630
0.782743
0.789366
0.783189
0.783287
0.783493
0.783671
0.783830
0.782910
0.783144
0.783610
0.789375
0.783843
0.783880
0.783972
0.784024
0.785414
0.785487
0.785524
0.785642
0.785717
0.784628
0.785915
0.785488
0.787033
0.788362
0.789365
0.788527
0.789991
0.788972
0.789101
0.790393
0.789294
0.790589
0.789568
0.790824
0.790919
0.791035
0.791197
0.790352
0.791753
0.797238
0.797237
0.798546
0.798639
0.798659
0.797653
0.797807
0.798896
0.798988
0.797999
0.799132
0.798016
0.798094
0.799447
0.798254
0.798304
0.798438
0.798704
0.798868
0.798984
0.799120
0.799235
0.799374
0.799499
0.799622
0.800235
0.800526
0.800556
0.800645
0.800701
0.800765
0.799891
0.801427
0.801632
0.801755
0.799062
0.802235
0.799611
0.799725
0.799951
0.800423
0.800563
0.800732
0.800900
0.800121
0.800282
0.800419
0.800537
0.800618
0.800668
0.813915
0.801116
0.814403
0.814513
0.820268
0.814647
0.814742
0.814853
0.814833
0.814953
0.815009
0.815087
0.815155
0.815203
0.815258
0.815316
0.815373
0.815421
0.815573
0.815846
0.815984
0.806830
0.816246
0.807008
0.807124
0.807222
0.808088
0.807638
0.807710
0.807822
0.807885
0.807980
0.808119
0.808461
0.808547
0.809347
0.809469
0.809559
0.809627
0.809283
0.809336
0.809391
0.809448
0.809477
0.809576
0.809639
0.809676
0.809763
0.826522
0.810636
0.810661
0.819714
0.819777
0.819860
0.819927
0.819986
0.820040
0.819626
0.810644
0.827954
0.827996
0.828132
0.828186
0.828208
0.828292
0.828449
0.859365
0.828851
0.855798
0.859749
0.859848
0.859968
0.829565
0.829678
0.829077
0.829180
0.860642
0.861085
0.861151
0.829924
0.829978
0.861807
0.861867
0.861964
0.830835
0.830916
0.831042
0.862540
0.831329
0.831472
0.833656
0.834183
0.834207
0.834323
0.865877
0.865909
0.866074
0.835147
0.866751
0.835424
0.866679
0.835718
0.867077
0.867199
0.836211
0.835885
0.836806
0.868119
0.837071
0.868362
0.868650
0.837712
0.869017
0.869125
0.869202
0.869311
0.837930
0.838023
0.869667
0.838302
0.838403
0.838495
0.838619
0.838690
0.870482
0.870649
0.843965
0.876759
0.845691
0.845856
0.847681
0.851874
0.852350
0.852485
0.852593
0.852736
0.884670
0.852989
0.854859
0.856501
0.856885
0.857624
0.859341
0.859475
0.859599
0.891699
0.859854
0.861495
0.860136
0.860290
0.860891
0.892939
0.895876
0.896034
0.896115
0.896177
0.896329
0.896733
0.896873
0.896968
0.897096
0.897177
0.865555
0.897561
0.897743
0.897925
0.897024
0.894686
0.866808
0.897651
0.867153
0.869330
0.874766
0.874994
0.906214
0.906323
0.906469
0.906845
0.906979
0.907106
0.907228
0.876337
0.876458
0.876568
0.907774
0.907908
0.908021
0.884441
0.886451
0.886516
0.888136
0.886765
0.886626
0.893714
0.894703
0.925955
0.926080
0.926206
0.926337
0.895486
0.926753
0.926898
0.895172
0.896104
0.896212
0.896316
0.896446
0.896788
0.896875
0.896926
0.897032
0.897140
0.897190
0.897272
0.897342
0.896840
0.897492
0.897099
0.897533
0.897706
0.897825
0.897908
0.897901
0.898135
0.898236
0.898274
0.898403
0.895067
0.898718
0.898861
0.899020
0.899152
0.899276
0.899425
0.899548
0.896426
0.899775
0.900087
0.900220
0.900265
0.899279
0.897188
0.900608
0.890954
0.891119
0.891253
0.891404
0.892503
0.892545
0.892720
0.892914
0.893588
0.893749
0.903011
0.894060
0.894079
0.893908
0.903237
0.903317
0.903373
0.901366
0.903486
0.903628
0.903652
0.903918
0.904014
0.903949
0.904048
0.904162
0.904288
0.904572
0.903019
0.905036
0.903273
0.905134
0.905180
0.905297
0.905419
0.905532
0.905656
0.904262
0.904340
0.906067
0.906190
0.904596
0.905399
0.907024
0.907091
0.905607
0.905688
0.907428
0.905971
0.907614
0.907676
0.906216
0.913248
0.907898
0.907959
0.906582
0.908321
0.907077
0.976770
0.982293
0.982474
0.982602
1.024872
1.024950
1.024960
1.024976
1.024957
1.024957
1.024982
1.024929
1.024943
1.024948
1.024962
1.024959
1.024976
1.055587
1.055593
1.055605
1.055616
1.055631
1.055635
1.055651
1.055636
1.055637
1.055650
1.057564
1.057551
1.057567
1.057575
1.057587
1.057596
1.057607
1.057612
1.057626
1.057635
1.057652
1.057623
1.057627
1.057439
1.057432
1.024033
1.024046
1.027529
1.027544
1.027547
1.027561
1.027540
1.027551
1.027558
1.027581
1.027574
1.027588
1.027594
1.027610
1.022380
1.029531
1.059617
1.059631
1.059638
1.059654
1.059658
1.059673
1.059679
1.021240
1.013005
1.013018
1.013009
1.013015
1.010523
1.014885
1.014901
1.013602
1.013617
1.013632
1.013647
1.013654
1.013667
1.013595
1.013598
1.013609
1.013616
1.013632
1.015068
1.015026
1.014887
0.955271
1.014351
1.018073
1.018087
1.018099
1.017911
1.017927
1.020983
1.020947
1.020964
1.020966
1.020984
1.021804
1.021853
1.021860
1.021879
1.021857
1.021873
1.021874
1.021895
1.021901
1.021916
1.021914
1.021935
1.021945
1.021962
1.021964
1.021991
1.021990
1.022004
1.022008
1.022027
1.022033
1.022046
1.022105
1.022126
1.022133
1.024136
1.025468
1.025548
1.025481
1.025544
1.025549
1.025571
1.025576
1.035270
1.035349
1.035377
1.035343
1.035360
1.035363
1.035385
1.035388
1.035403
1.035411
1.035429
1.035358
1.035374
1.035380
1.035401
1.035405
1.035420
1.035417
1.035430
1.041453
1.041513
1.041659
1.041696
1.041714
1.041747
1.041897
1.042058
1.042105
1.042132
1.042176
1.042173
1.042213
1.043314
1.043648
1.043027
1.043911
1.043992
1.044131
1.043548
1.043693
1.043830
1.043977
1.044136
1.046556
1.055001
1.055168
1.055314
1.055441
1.055537
1.055657
1.056393
1.055736
1.056687
1.047133
1.047219
1.047314
1.048386
1.048430
1.049028
1.048968
1.048912
1.057778
1.061880
1.062074
1.062215
1.062354
1.063485
1.063611
1.053451
1.053598
1.063690
1.063783
1.063918
1.054124
1.064162
1.060460
1.064414
1.054662
1.064680
1.055586
1.065572
1.065675
1.055902
1.065875
1.060421
1.056311
1.067230
1.080083
1.080301
1.080426
1.080585
1.080709
1.079545
1.081037
1.079915
1.081354
1.080147
1.081663
1.080237
1.080393
1.080521
1.080659
1.081949
1.084067
1.081107
1.082744
1.082803
1.084664
1.084746
1.084865
1.084953
1.083463
1.082303
1.082774
1.076501
1.076212
1.084954
1.087284
1.083391
1.130530
1.081318
1.081435
1.081476
1.081520
1.081577
1.081642
1.081740
1.081858
1.081907
1.081943
1.081971
1.082074
1.082148
1.083205
1.083073
1.026523
1.083581
1.027156
1.083269
1.082788
1.083679
1.084224
1.067321
1.079791
1.085101
1.085183
1.083534
1.085314
1.085399
1.085444
1.085509
1.085594
1.080647
1.085750
1.080833
1.085968
1.081049
1.086305
1.086798
1.086120
1.081985
1.086287
1.084550
1.083024
1.083124
1.083242
1.083288
1.083323
1.083426
1.083474
1.083563
1.083599
1.083791
1.084300
1.084536
1.084649
1.084738
1.084865
1.084908
1.085931
1.085136
1.085244
1.078720
1.078764
1.078526
1.073626
1.086442
1.074452
1.074594
1.066881
1.074594
1.074651
1.074650
1.074694
1.074766
1.074702
1.074743
1.074745
1.074801
1.074882
1.073405
1.069541
1.069396
1.069358
1.092047
1.092491
1.070128
1.070617
1.070872
1.071002
1.071057
1.070778
1.070839
1.071147
1.071211
1.071245
1.071595
1.071639
1.071579
1.071636
1.071754
1.071956
1.040895
1.072208
1.080624
1.080122
1.067706
1.072943
1.073005
1.073024
1.073107
1.073205
1.073232
1.073304
1.073378
1.073398
1.073425
1.073476
1.074093
1.074215
1.074296
1.074374
1.073852
1.073940
1.073991
1.065054
1.074130
1.074164
1.074251
1.074244
1.073126
1.075644
1.076373
1.076370
1.077098
1.076961
1.077002
1.104883
1.076824
1.076818
1.076877
1.076953
1.077006
1.077042
1.077092
1.077025
1.076997
1.105759
1.082318
1.082614
1.080540
1.079026
1.078457
1.078432
1.078389
1.078426
1.078471
1.078461
1.078477
1.078536
1.078597
1.078637
1.078637
1.078634
1.078099
1.078122
1.078373
1.077667
1.077647
1.108753
1.108817
1.108851
1.108904
1.108960
1.109036
1.109302
1.113658
1.114158
1.114285
1.114332
1.114388
1.114463
1.114477
1.114592
1.114602
1.114681
1.114779
1.114819
1.114903
1.114984
1.115068
1.116523
1.106166
1.116217
1.116390
1.116448
1.116500
1.116577
1.116627
1.116724
1.116696
1.116762
1.116798
1.116892
1.116934
1.115108
1.117088
1.117167
1.117278
1.117604
1.117671
1.117723
1.117759
1.117887
1.117631
1.117727
1.117849
1.117962
1.118057
1.118173
1.118284
1.118342
1.118463
1.098916
1.119241
1.119416
1.119578
1.119791
1.119975
1.120047
1.120120
1.121811
1.121652
1.121714
1.067617
1.121653
1.068465
1.112937
1.112662
1.112827
1.110531
1.109710
1.109639
1.109720
1.109738
1.109741
1.109789
1.109727
1.109730
1.109738
1.109791
1.109806
1.122400
1.122251
1.122213
1.116267
1.122564
1.070835
1.123109
1.122886
1.122975
1.122986
1.123080
1.123117
1.123204
1.127771
1.123502
1.123626
1.123773
1.124842
1.125057
1.125218
1.125388
1.125541
1.125672
1.125810
1.125850
1.125919
1.125977
1.126060
1.126101
1.126175
1.126221
1.126855
1.127061
1.127322
1.127428
1.127486
1.127667
1.128802
1.128765
1.128684
1.128658
1.101380
1.096776
1.128945
1.134003
1.134966
1.136657
1.137081
1.137191
1.137291
1.137403
1.137435
1.137504
1.135451
1.137700
1.137797
1.137912
1.137981
1.138028
1.138095
1.138132
1.138167
1.138290
1.138440
1.138737
1.138793
1.138900
1.139016
1.139104
1.139928
1.139876
1.107242
1.107327
1.107428
1.107538
1.107657
1.107766
1.085259
1.108064
1.108871
1.109009
1.109128
1.109220
1.109337
1.109455
1.109567
1.109830
1.109795
1.109915
1.110035
1.110127
1.110214
1.081738
1.114077
1.114249
1.108646
1.117855
1.117916
1.118190
1.118294
1.118583
1.151892
1.152169
1.152322
1.152770
1.153100
1.153687
1.155569
1.155945
1.156058
1.156609
1.156733
1.156832
1.156894
1.124303
1.157225
1.157256
1.157372
1.157358
1.157429
1.124924
1.124984
1.125028
1.125121
1.160842
1.159645
1.159594
1.159960
1.157635
1.126020
1.126046
1.156486
1.157906
1.157982
1.158023
1.158052
1.158109
1.158147
1.158196
1.158246
1.158314
1.159478
1.159421
1.159906
1.159860
1.127698
1.127837
1.127938
1.128381
1.128538
1.128635
1.128764
1.128889
1.129025
1.129150
1.129275
1.129406
1.129564
1.129695
1.130395
1.132638
1.132843
1.132971
1.133095
1.133374
1.133532
1.133564
1.133616
1.133918
1.133660
1.134150
1.135843
1.108013
1.136047
1.137610
1.137028
1.171377
1.137183
1.135242
1.136592
1.136601
1.136698
1.136836
1.136957
1.136998
1.137102
1.137154
1.137273
1.137321
1.137396
1.137485
1.137523
1.137548
1.137579
1.137644
1.137657
1.137713
1.137754
1.137791
1.137811
1.137867
1.137930
1.138048
1.138459
1.138599
1.138625
1.138626
1.138688
1.138737
1.138784
1.138823
1.138878
1.138905
1.139021
1.149627
1.140404
1.113175
1.140335
1.140150
1.140021
1.139663
1.139699
1.139758
1.139736
1.139773
1.139822
1.139885
1.139913
1.138392
1.139997
1.139208
1.141151
1.141225
1.141346
1.141467
1.141585
1.140225
1.141872
1.142559
1.142593
1.142684
1.142807
1.142938
1.143054
1.143185
1.143356
1.144693
1.144886
1.145033
1.145163
1.145289
1.127937
1.185631
1.148046
1.146756
1.146665
1.145136
1.144509
1.145331
1.144622
1.145534
1.145551
1.145642
1.146074
1.146132
1.146348
1.146479
1.146612
1.146737
1.146870
1.147578
1.147710
1.147836
1.147958
1.148087
1.148210
1.124541
1.148480
1.148655
1.148835
1.192166
1.151722
1.192239
1.191847
1.185017
1.190809
1.190047
1.189997
1.188716
1.189877
1.189699
1.166894
1.187352
1.153638
1.179936
1.176166
1.168204
1.153817
1.168435
1.131083
1.159940
1.157294
1.188009
1.137268
1.169328
1.131743
1.159571
1.159726
1.158679
1.156383
1.158710
1.157157
1.157821
1.158018
1.158702
1.159757
1.160265
1.160452
1.161049
1.161391
1.161600
1.162444
1.162935
1.163063
1.163264
1.164244
1.164909
1.165000
1.140953
1.165170
1.165142
1.164873
1.165294
1.165710
1.165832
1.165942
1.166071
1.166263
1.166401
1.166495
1.166616
1.166774
1.166865
1.166965
1.167145
1.167234
1.167343
1.167546
1.167610
1.167731
1.167850
1.167972
1.168056
1.168153
1.168331
1.168468
1.168527
1.168574
1.168642
1.168697
1.168716
1.168772
1.168828
1.169595
1.169502
1.146260
1.169515
1.169538
1.169421
1.169387
1.226254
1.227700
1.213997
1.209580
1.208485
1.209688
1.173515
