0.181164
0.203983
0.356250
0.355180
0.355248
0.357039
0.356742
0.355594
0.356926
0.355766
0.357138
0.437448
0.357297
0.356182
0.357494
0.356424
0.366920
0.364206
0.362319
0.358598
0.365121
0.361880
0.361853
0.361948
0.365534
0.365541
0.364877
1.016482
1.016358
1.016402
1.017224
1.017626
1.018180
1.018203
1.018238
1.018659
1.018699
1.018911
1.019097
1.019613
1.019643
1.019669
1.020001
1.020124
1.019679
1.020462
1.020635
1.020774
1.020415
1.020663
1.020897
1.021081
1.021209
1.021380
1.021822
1.021994
1.022138
1.022342
1.022422
1.022562
1.022954
1.023415
1.023902
1.024498
1.025454
1.029488
1.028881
1.026986
1.027029
1.029453
1.027013
1.027270
1.027579
1.022266
1.029193
1.029312
1.029474
1.029586
1.029757
1.029908
1.030032
1.030142
1.030281
1.023901
1.028385
1.033273
1.009443
1.028825
1.031261
1.031587
1.031749
1.031886
1.032017
1.032140
1.032231
1.031982
1.032315
1.032506
1.032661
1.032766
1.032857
1.032993
1.033090
1.033272
1.033379
1.033549
1.033656
1.033819
1.033892
1.034048
1.034207
1.034330
1.034448
1.034595
1.034729
1.034889
1.034996
1.035111
1.034301
1.034840
1.035530
1.035806
1.035698
1.035964
1.036400
1.036434
1.036665
1.036691
1.037906
1.038141
1.038159
1.038169
1.038923
1.039335
1.037883
1.041835
1.042211
1.042627
1.043001
1.043286
1.043307
1.043499
1.043633
1.043762
1.043943
1.044057
1.044233
1.044362
1.044466
1.044802
1.044946
1.045294
1.045455
1.045570
1.045653
1.045849
1.043419
1.042877
1.043765
1.043881
1.043987
1.044108
1.044293
1.044415
1.044526
1.044664
1.044754
1.044504
1.045059
1.040224
1.044974
1.045451
1.045152
1.045246
1.045359
1.045519
1.045247
1.031692
1.031826
1.031943
0.993068
0.992867
0.992985
1.046828
0.993283
0.993359
0.993519
0.958507
1.044866
1.041399
1.045505
1.045720
1.045532
1.045542
1.045660
1.045783
1.046474
1.046931
1.047361
1.047528
1.047847
1.047965
1.048063
1.048162
1.048265
1.048399
1.048566
1.048991
1.049002
1.049024
1.049256
1.049336
1.049493
1.049584
1.049769
1.050018
1.050035
1.040942
1.050363
1.045671
1.041349
1.041524
1.041671
1.041819
1.041976
1.042392
1.042450
1.042889
1.043325
1.043473
1.050339
1.050443
1.059672
1.051723
1.058438
1.058500
1.060397
1.060878
1.061454
1.062007
1.062146
1.062236
1.062353
1.062472
1.062531
1.062589
1.062553
1.062605
1.062650
1.062703
1.062763
1.062819
1.062859
1.062924
1.062963
1.063025
1.063058
1.063153
1.063284
1.063537
1.063680
1.063782
1.063790
1.063852
1.063912
1.063961
1.064024
1.064090
1.064118
1.064186
1.064252
1.064319
1.064350
1.064421
1.063837
1.015907
1.064305
1.064437
1.064506
1.064792
1.064987
1.065163
1.065272
1.065371
1.065488
1.065627
1.065672
1.065739
1.065779
1.063078
1.063146
1.063263
1.063353
1.060706
1.063496
1.063674
1.066693
1.063925
1.064013
1.064133
1.064204
1.061322
1.067305
1.060976
1.060667
1.067674
1.067812
1.068087
1.068310
1.068927
1.069062
1.069191
1.069359
1.069482
1.069617
1.069731
1.069843
1.069889
1.069938
1.069914
1.070017
1.070153
1.070536
1.070826
1.070955
1.071063
1.071100
1.071210
1.071281
1.071416
1.071692
1.071800
1.071950
1.072027
1.072082
1.072220
1.072329
1.072463
1.072658
1.072834
1.073084
1.073177
1.073539
1.073793
1.074641
1.075021
1.075120
1.075219
1.075502
1.075095
1.075776
1.076040
1.076113
1.076306
1.076490
1.076676
1.076894
1.077013
1.077083
1.077151
1.077219
1.077283
1.077341
1.077421
1.077471
1.077523
1.077804
1.077908
1.078000
1.078101
1.078261
1.078351
1.078432
1.078647
1.078822
1.078976
1.079055
1.079115
1.079250
1.079349
1.079456
1.079885
1.080091
1.080560
1.016565
1.080007
1.038038
1.002388
1.081512
1.080782
1.080835
1.081017
1.081088
1.081316
1.081499
1.081594
1.081636
1.081746
1.081817
1.081942
1.082096
1.082301
1.082583
1.082634
1.082760
1.082814
1.082474
1.082667
1.082929
1.083108
1.083286
1.083778
1.076172
1.049915
1.073799
1.069446
1.076498
1.076572
1.076582
1.076670
1.076800
1.076929
1.077125
1.077263
1.077365
1.077495
1.077684
1.077818
1.077849
1.077925
1.077963
1.078045
1.078090
1.078613
1.078324
1.077298
1.075844
1.076021
1.076145
1.076177
1.083545
1.076936
1.076990
1.073538
1.077116
1.077213
1.077352
1.077434
1.077648
1.077965
1.078139
1.078286
1.078448
1.078601
1.078748
1.078905
1.079078
1.079221
1.079388
1.079520
1.079741
1.079923
1.080119
1.080340
1.080557
1.080882
1.080931
1.080994
1.081038
1.081116
1.081249
1.081406
1.081648
1.081825
1.083679
1.083721
1.083805
1.083778
1.083869
1.083906
1.084002
1.084044
1.084130
1.082515
1.082648
1.082807
1.083103
1.083253
1.083340
1.083404
1.083543
1.083626
1.083701
1.083917
1.084099
1.084284
1.084476
1.084575
1.084663
1.084817
1.085159
1.085259
1.085296
1.094202
1.085498
1.085601
1.085744
1.085873
1.085985
1.088396
1.091184
1.089674
1.093733
1.101277
1.101344
1.101462
1.098542
1.098823
1.099148
1.112100
1.112623
1.112816
1.112937
1.113103
1.113182
1.113356
1.113424
1.113506
1.113610
1.113852
1.113962
1.113996
1.114084
1.114115
1.114440
1.114581
1.119167
1.096016
1.119234
1.116695
1.117851
1.118015
1.118228
1.118356
1.118520
1.118069
1.118205
1.118744
1.118804
1.118869
1.118914
1.118992
1.118989
1.119089
1.119160
1.119152
1.119217
1.119337
1.119499
1.060331
1.119758
1.120095
1.059678
1.131951
1.120542
1.120661
1.120775
1.120918
1.121015
1.120200
1.132837
1.132931
1.132984
1.131453
1.131443
1.131600
1.132534
1.132568
1.132625
1.132684
1.129996
1.132832
1.132975
1.133092
1.133243
1.133379
1.133525
1.133693
1.133929
1.134089
1.134947
1.135151
1.135306
1.135383
1.135032
1.135173
1.135325
1.135476
1.135634
1.135825
1.135956
1.136111
1.137240
1.137670
1.137446
1.137517
1.137485
1.137603
1.137672
1.131998
1.137815
1.137971
1.138114
1.138336
1.138503
1.138539
1.138600
1.138684
1.136780
1.136876
1.136907
1.136982
1.137143
1.137246
1.112678
1.137470
1.137535
1.137582
1.137625
1.137685
1.137730
1.137793
1.137859
1.137899
1.137986
1.138045
1.138080
1.140592
1.140747
1.141323
1.141367
1.141420
1.141493
1.141522
1.141593
1.141650
1.141697
1.141751
1.141814
1.141873
1.142015
1.142268
1.142315
1.142381
1.142520
1.142610
1.142712
1.142836
1.142912
1.116843
1.143085
1.143234
1.143314
1.143452
1.143536
1.143618
1.144053
1.144125
1.139604
1.144361
1.140971
1.141124
1.141184
1.141218
1.141300
1.141364
1.140763
1.146917
1.146310
1.146075
1.146204
1.163744
1.173018
1.174830
1.174050
1.174178
1.174344
1.174396
1.165490
1.174557
1.171662
1.174799
1.171874
1.171940
1.175091
1.166288
1.175513
1.175551
1.166690
1.175661
1.175707
1.166869
1.166886
1.166938
1.167000
1.167029
1.167126
1.167250
1.167444
1.167572
1.167613
1.167677
1.167714
1.167754
1.167810
1.166016
1.167926
1.167982
1.167635
1.167652
1.168025
1.168161
1.168429
1.168488
1.168548
1.168599
1.168594
1.167493
1.168722
1.168770
1.168817
1.168869
1.168925
1.168997
1.169011
1.169106
1.169571
1.169658
1.169695
1.169769
1.169892
1.169971
1.170093
1.170155
1.170219
1.170286
1.170318
1.170389
1.170446
1.170487
1.170549
1.170585
1.170649
1.170681
1.170740
1.170788
1.170849
1.170895
1.171028
1.171352
1.171087
1.171213
1.171382
1.171497
1.170183
1.170284
1.171863
1.171785
1.171871
1.172032
1.172125
1.172249
1.172297
1.172419
1.172921
1.173072
1.173200
1.173289
1.173536
1.173720
1.173859
1.173895
1.174027
1.174102
1.174231
1.174296
1.174425
1.174551
1.174666
1.174714
1.174786
1.175222
1.175250
1.175718
1.175318
1.176060
1.176158
1.176285
1.176379
1.176454
1.176495
1.176548
1.176590
1.176657
1.176735
1.176972
1.177101
1.177464
1.177527
1.177571
1.177621
1.177692
1.159919
1.165352
1.160126
1.160434
1.160552
1.162422
1.162401
1.162321
1.166283
1.166474
1.166598
1.184400
1.184433
1.184558
1.184856
1.185001
1.185092
1.185189
1.185246
1.185283
1.185394
1.185436
1.185504
1.185541
1.185588
1.185631
1.185675
1.185696
1.185742
1.185795
1.185939
1.186283
1.186416
1.186510
1.186622
1.186688
1.186759
1.186785
1.187186
1.187254
1.187367
1.187446
1.187576
1.187638
1.187739
1.187802
1.177115
1.149850
1.188142
1.188218
1.188344
1.188457
1.188554
1.188652
1.189330
1.189494
1.189630
1.189710
1.189802
1.189923
1.190046
1.190212
1.190711
1.190968
1.190987
1.191107
1.191353
1.191475
1.191586
1.191678
1.191799
1.190194
1.192055
1.192166
1.192332
1.192912
1.193254
1.193237
1.193378
1.193653
1.193838
1.193956
1.193998
1.194066
1.194107
1.194165
1.194210
1.194261
1.194311
1.194327
1.194430
1.194487
1.194520
1.193548
1.194639
1.194723
1.195065
1.195182
1.195248
1.195347
1.195464
1.195959
1.196098
1.196122
1.196173
1.196228
1.196257
1.196324
1.196628
1.196654
1.196781
1.196881
1.197717
1.197978
1.198115
1.198232
1.198350
1.198478
1.198117
1.198781
1.200467
1.200619
1.200797
1.201499
1.201863
1.201859
1.202144
1.202265
1.202367
1.202477
1.202602
1.202661
1.202778
1.202891
1.202993
1.202620
1.203203
1.203284
1.203399
1.203542
1.203609
1.203731
1.203917
1.204057
1.204122
1.204469
1.204645
1.204718
1.204960
1.205283
1.205341
1.205470
1.205570
1.205640
1.204276
1.205922
1.205622
1.205660
1.205882
1.205920
1.206014
1.206139
1.206210
1.206346
1.206412
1.206540
1.206579
1.206716
1.206801
1.206921
1.207043
1.207124
1.207291
1.207396
1.207487
1.207569
1.207701
1.207822
1.207914
1.202242
1.208652
1.208787
1.208922
1.208967
1.209103
1.209216
1.209296
1.209419
1.210030
1.210343
1.210443
1.211023
1.211382
1.206023
1.212167
1.212534
1.212858
1.206080
1.213801
1.214005
1.214234
1.214354
1.214478
1.214583
1.214723
1.215177
1.215491
1.215653
1.215751
1.215885
1.216037
1.203498
1.202603
1.203777
1.206581
1.206505
1.206428
1.204807
1.205043
1.212333
1.212489
1.212568
1.212749
1.211671
1.213062
1.213136
1.213335
1.213444
1.210957
1.213599
1.213629
1.213671
1.213726
1.213763
1.213853
1.213977
1.214134
1.214267
1.214324
1.214367
1.214432
1.214521
1.214538
1.214601
1.214640
1.214708
1.214758
1.214150
1.214236
1.214355
1.200363
1.214677
1.197554
1.188640
1.188780
1.214349
1.214350
1.214344
1.214407
1.214204
1.214621
1.214864
1.214901
1.214958
1.215030
1.215087
1.215214
1.212833
1.212946
1.222234
1.216696
1.223877
1.216644
1.216512
1.216366
1.216186
1.216035
1.216120
1.216281
1.216404
1.216461
1.216522
1.216566
1.216617
1.216798
1.217005
1.216649
1.221038
1.221146
1.221220
1.221283
1.221457
1.221771
1.221841
1.221881
1.221946
1.221983
1.221996
1.222059
1.222882
1.222749
1.222599
1.222447
1.231400
1.231422
1.231485
1.231516
1.231642
1.231939
1.232072
1.232135
1.232208
1.232316
1.232395
1.232446
1.232499
1.231823
1.231864
1.231922
1.231975
1.232006
1.232075
1.232123
1.232250
1.232448
1.232719
1.232902
1.233030
1.233556
1.201573
1.195512
1.234943
1.235008
1.235051
1.235120
1.235182
1.235229
1.235284
1.235466
1.235556
1.235694
1.235901
1.236025
1.236055
1.203466
1.203433
1.203494
1.203539
1.203596
1.203775
1.203655
1.203730
1.203799
1.203839
1.203910
1.203961
1.204010
1.203882
1.199434
1.199545
1.205269
1.205004
1.205018
1.205135
1.205218
1.205292
1.205336
1.205374
1.205428
1.205491
1.205533
1.205603
1.205654
1.205688
1.205993
1.206162
1.206201
1.206270
1.202230
1.201638
1.202248
1.202721
1.202827
1.202907
1.203032
1.202712
1.203266
1.203314
1.203685
1.203779
1.203639
1.204075
1.203815
1.204348
1.204704
1.205104
1.205310
1.211621
1.206252
1.206947
1.206911
1.207316
1.207626
1.208045
1.198601
1.197553
1.196283
1.196337
1.196463
1.205088
1.214884
1.209205
1.209417
1.209560
1.209640
1.210448
1.209870
1.209996
1.210132
1.210193
1.210354
1.210453
1.206957
1.210672
1.210751
1.210922
1.211043
1.211174
1.211250
1.211333
1.211506
1.211593
1.211702
1.211750
1.211925
1.212039
1.212130
1.212239
1.212197
1.212364
1.212320
1.212379
1.212549
1.212621
1.212663
1.212725
1.212685
1.212838
1.212837
1.213054
1.213193
1.213435
1.213354
1.213572
1.210454
1.213689
1.213626
1.213653
1.213892
1.213952
1.213837
1.214069
1.213951
1.214192
1.214247
1.214289
1.214134
1.214779
1.214669
1.214973
1.214813
1.215088
1.214938
1.215268
1.215079
1.215366
1.215177
1.215488
1.215296
1.215330
1.215696
1.215766
1.215838
1.215956
1.216265
1.216643
1.216400
1.208218
1.216520
1.216926
1.216786
1.217044
1.216793
1.217151
1.217186
1.216955
1.217319
1.217366
1.217139
1.206983
1.217720
1.218407
1.218542
1.218741
1.218793
1.218925
1.219016
1.219073
1.219357
1.219372
1.219568
1.219525
1.219765
1.219893
1.220208
1.220116
1.220393
1.220464
1.220557
1.220452
1.220744
1.220707
1.220896
1.221094
1.220864
1.221286
1.220988
1.221422
1.221817
1.221866
1.224222
1.225285
1.226772
1.225533
1.226911
1.225871
1.226094
1.227348
1.226424
1.226606
1.226702
1.226874
1.226940
1.228551
1.227588
1.227666
1.228873
1.227939
1.229090
1.228194
1.228394
1.228509
1.228878
1.228939
1.229416
1.229107
1.229312
1.229428
1.229561
1.232490
1.233156
1.223513
1.234892
1.235285
1.236085
1.236560
1.235006
1.237152
1.238054
1.238354
1.238829
1.239374
1.240036
1.240028
1.240342
1.240709
1.240962
1.241318
1.241568
1.241900
1.242144
1.242442
1.242836
1.244001
1.245285
1.246009
1.246242
1.246300
1.246494
1.246548
1.246722
1.246766
1.246996
1.247161
1.247194
1.247367
1.247401
1.247620
1.247835
1.247940
1.248017
1.248149
1.248525
1.248815
1.248922
1.249066
1.249163
1.249402
1.249463
1.249681
1.249800
1.249999
1.249648
1.250737
1.250017
1.251356
1.251026
1.251231
1.251382
1.251814
1.252162
1.255448
1.257762
1.257984
1.258455
1.258489
1.257842
1.258838
1.259005
1.259107
1.258492
1.259409
1.258766
1.259695
1.259869
1.259386
1.260266
1.259555
1.260511
1.260664
1.260749
1.260876
1.262409
1.262424
1.261841
1.261552
1.261459
1.260330
1.261958
1.262084
1.262271
1.262373
1.262484
1.262596
1.262643
1.261713
1.263115
1.259675
1.259701
1.259818
1.259858
1.259980
1.260071
1.260162
1.260313
1.260402
1.260424
1.264490
1.264557
1.264610
1.264639
1.264712
1.264757
1.264832
1.264865
1.264939
1.264961
1.265069
1.265172
1.265130
1.265334
1.266434
1.266440
1.266816
1.266896
1.267575
1.267705
1.267930
1.268022
1.268207
1.267743
1.268550
1.268065
1.268860
1.268388
1.269243
1.266880
1.268132
1.268243
1.269310
1.270483
1.273249
1.270798
1.270947
1.271074
1.271251
1.271395
1.271543
1.271740
1.271884
1.271949
1.272015
1.272115
1.272243
1.272329
1.272476
1.272534
1.272637
1.272678
1.272713
1.273840
1.273781
1.273727
1.273648
1.273603
1.273506
1.272164
1.273543
1.273469
1.273521
1.273680
1.274054
1.274147
1.274289
1.274339
1.274463
1.277537
1.274609
1.277503
1.274748
1.276877
1.274893
1.276892
1.275065
1.275205
1.275350
1.275388
1.275488
1.275613
1.275679
1.275718
1.275795
1.275957
1.276014
1.276091
1.276216
1.276269
1.276355
1.276480
1.276555
1.276601
1.276682
1.276894
1.277147
1.277407
1.277259
1.277294
1.275671
1.276520
1.277773
1.277863
1.278005
1.278104
1.278191
1.278325
1.278433
1.278572
1.277018
1.278768
1.279925
1.279957
1.279895
1.279795
1.279361
1.279433
1.279495
1.279592
1.279763
1.279910
1.280666
1.280804
1.280873
1.281450
1.281576
1.281715
1.281821
1.288086
1.288208
1.288234
1.288243
1.288266
1.288275
1.288305
1.288331
1.288353
1.288375
1.288392
1.288423
1.289095
1.289170
1.289093
1.289429
1.289552
1.289652
1.289761
1.288006
1.290958
1.289982
1.290101
1.290179
1.290305
1.290371
1.290490
1.290541
1.290668
1.290740
1.292018
1.290928
1.291272
1.291320
1.291326
1.291358
1.291409
1.291508
1.291558
1.291164
1.291228
1.291434
1.293511
1.291124
1.291809
1.293749
1.291998
1.292138
1.293947
1.292363
1.292019
1.292579
1.292686
1.292864
1.292958
1.293009
1.293162
1.293233
1.293361
1.293465
1.293550
1.296962
1.293900
1.294274
1.294325
1.294512
1.294574
1.294672
1.303726
1.294906
1.303580
1.298548
1.295885
1.303403
1.303164
1.299096
1.296534
1.298075
1.303632
1.300308
1.296367
1.300403
1.304024
1.300470
1.297958
1.298028
1.297115
1.297203
1.298414
1.297383
1.298606
1.298700
1.297803
1.297860
1.299107
1.299162
1.299286
1.299354
1.298459
1.302369
1.301146
1.299805
1.299912
1.299982
1.301624
1.301748
1.298910
1.300758
1.300015
1.301051
1.302698
1.301216
1.302924
1.303048
1.301557
1.365354
1.301145
1.302059
1.302155
1.301539
1.302373
1.304139
1.302570
1.302049
1.302127
1.302212
1.304722
1.302461
1.304922
1.305965
1.302854
1.302956
1.303054
1.314032
1.303332
1.303444
1.306762
1.303669
1.306246
1.306998
1.306489
1.306570
1.306660
1.306778
1.306832
1.306941
1.307421
1.308029
1.308120
1.305661
1.305776
1.305917
1.308299
1.308382
1.308497
1.323876
1.308791
1.318927
1.309038
1.309468
1.309522
1.309844
1.309896
1.310145
1.346021
1.310975
1.310513
1.309750
1.310756
1.310822
1.310925
1.310213
1.310297
1.310561
1.311595
1.309994
1.310916
1.310228
1.298717
1.312193
1.311406
1.311489
1.311565
1.287448
1.265288
1.312957
1.312055
1.313165
1.312230
1.313384
1.314206
1.313497
1.312702
1.312803
1.313824
1.312997
1.314001
1.315514
1.314188
1.315220
1.315197
1.314551
1.316317
1.315428
1.315400
1.315351
1.315349
1.315255
1.331402
1.326935
1.260615
1.324868
1.327190
1.327162
1.315044
1.260917
1.260815
1.319693
1.316361
1.261061
1.260935
1.260829
1.260739
1.260557
1.317511
1.317457
1.317085
1.335370
1.386450
1.335658
1.335794
1.335925
1.336047
1.336325
1.336434
1.336537
1.336605
1.318670
1.336955
1.331221
1.337213
1.331515
1.331633
1.331772
1.331886
1.332004
1.185713
1.249396
1.323086
1.320680
1.322781
1.320546
1.192658
1.190129
1.364844
1.362439
1.361094
1.359677
1.183600
1.333662
1.333036
1.332451
1.331868
1.330684
1.329832
1.328876
1.188205
1.323950
1.184493
1.184479
1.185417
1.340581
1.185581
1.185320
1.185420
1.185842
1.186335
1.186690
1.362623
1.331138
1.187678
1.188135
1.188307
1.345110
1.188617
1.331428
1.188630
1.188919
1.257602
1.188858
1.189283
