0.172175
0.305265
0.470770
0.505719
0.517657
0.506127
0.516406
0.559626
0.559703
0.559816
0.553584
0.560033
0.560130
0.571507
0.571817
0.572015
0.572208
0.572390
0.572581
0.573253
0.573449
0.573613
0.573837
0.570566
0.570667
0.550473
0.550461
0.550681
0.551516
0.551482
0.551571
0.551660
0.551731
0.551886
0.562960
0.552174
0.576497
0.576617
0.576743
0.576892
0.577028
0.575589
0.572670
0.572943
0.564305
0.564876
0.564952
0.565049
0.554120
0.553948
0.554015
0.563037
0.563863
0.564032
0.564154
0.575547
0.564430
0.564537
0.564653
0.568814
0.569416
0.569699
0.569854
0.564710
0.581242
0.581859
0.582066
0.582223
0.582315
0.585450
0.586487
0.588580
0.588727
0.589477
0.589678
0.589822
0.590109
0.590286
0.590567
0.591055
0.591643
0.591276
0.591566
0.591876
0.592183
0.595032
0.595344
0.595522
0.596378
0.596461
0.596534
0.596611
0.596689
0.596789
0.584456
0.596891
0.596987
0.597069
0.597161
0.597193
0.597252
0.597330
0.597414
0.597550
0.597463
0.597698
0.597772
0.597854
0.597896
0.597929
0.597996
0.598167
0.598411
0.598630
0.598864
0.598959
0.599059
0.599069
0.599503
0.599665
0.600024
0.600246
0.600346
0.600417
0.600521
0.600602
0.600667
0.600768
0.600873
0.600965
0.601003
0.601868
0.601964
0.602055
0.602206
0.602847
0.603465
0.603807
0.603988
0.604151
0.604269
0.604405
0.604520
0.604624
0.604747
0.604856
0.605015
0.605077
0.605434
0.606779
0.606976
0.607040
0.606494
0.606541
0.606597
0.606612
0.606675
0.606746
0.606134
0.603501
0.597606
0.597624
0.597699
0.597767
0.597784
0.606985
0.607069
0.607149
0.607171
0.607218
0.607288
0.607343
0.607399
0.607467
0.607605
0.607911
0.607956
0.608013
0.608085
0.608157
0.608277
0.608293
0.608363
0.608439
0.608478
0.608587
0.608699
0.608754
0.608864
0.609457
0.609518
0.609602
0.609658
0.609712
0.609774
0.609817
0.609815
0.609851
0.609922
0.609983
0.610054
0.610162
0.610283
0.609908
0.609989
0.610592
0.608369
0.610862
0.610134
0.611390
0.611631
0.611864
0.611757
0.611808
0.611881
0.611941
0.611989
0.612056
0.612106
0.612171
0.600437
0.600408
0.600538
0.612521
0.612369
0.612446
0.612566
0.612855
0.612908
0.612672
0.612726
0.612775
0.612824
0.612907
0.612966
0.613027
0.613088
0.612368
0.613263
0.613309
0.613357
0.610555
0.613295
0.613287
0.613346
0.613411
0.604308
0.606152
0.607111
0.604385
0.604769
0.604849
0.604922
0.607044
0.605090
0.607180
0.605227
0.605350
0.605521
0.605592
0.605664
0.605745
0.605813
0.605868
0.608853
0.608930
0.607632
0.609614
0.609682
0.609765
0.609823
0.609897
0.609949
0.610001
0.610053
0.610122
0.610170
0.610243
0.610315
0.610396
0.610459
0.610272
0.610399
0.610756
0.610819
0.610869
0.610936
0.611011
0.611056
0.611134
0.611201
0.611267
0.611321
0.611400
0.611428
0.611486
0.611561
0.611721
0.612032
0.612109
0.612124
0.612189
0.612261
0.612311
0.612436
0.612556
0.612591
0.612674
0.612743
0.612790
0.612957
0.613155
0.616643
0.617576
0.617732
0.617862
0.618033
0.618173
0.618204
0.618290
0.618381
0.618492
0.618552
0.618621
0.618701
0.618743
0.618799
0.618861
0.618916
0.618976
0.619002
0.619052
0.619126
0.619204
0.620437
0.620750
0.620907
0.621030
0.621119
0.620099
0.621418
0.621543
0.621633
0.621797
0.621954
0.608067
0.607760
0.608471
0.608647
0.609408
0.609552
0.609638
0.609704
0.609788
0.609862
0.609926
0.609999
0.610082
0.610135
0.610215
0.610290
0.610374
0.610456
0.610527
0.610598
0.610744
0.611017
0.611139
0.611305
0.610757
0.611605
0.611701
0.611785
0.611765
0.611835
0.611914
0.611995
0.612051
0.612129
0.612199
0.612268
0.612095
0.612162
0.612244
0.612296
0.612372
0.611604
0.612791
0.612865
0.612948
0.613070
0.613173
0.613254
0.613316
0.613417
0.613558
0.628250
0.613743
0.613801
0.613881
0.613959
0.614036
0.614090
0.614171
0.614238
0.614374
0.614727
0.614806
0.614886
0.614969
0.615026
0.615106
0.615174
0.615242
0.615309
0.615394
0.615447
0.615556
0.615672
0.615921
0.615959
0.616036
0.616086
0.616165
0.616233
0.616306
0.616666
0.633006
0.617387
0.617614
0.617757
0.633683
0.633963
0.618185
0.616385
0.618766
0.618858
0.634868
0.634961
0.635034
0.635142
0.635312
0.635400
0.635448
0.635571
0.635602
0.635709
0.635805
0.635870
0.635937
0.635802
0.620567
0.636067
0.636437
0.621209
0.636591
0.636663
0.621454
0.636814
0.636888
0.621703
0.621791
0.637130
0.621939
0.637285
0.637357
0.622214
0.637552
0.622689
0.622784
0.622846
0.622914
0.622977
0.623069
0.638415
0.623234
0.629149
0.638841
0.638908
0.629514
0.623818
0.639151
0.639220
0.624064
0.639375
0.639155
0.639603
0.639910
0.629616
0.640086
0.640131
0.625218
0.625441
0.640594
0.640689
0.640741
0.640794
0.640859
0.640933
0.640988
0.626231
0.626316
0.626459
0.626865
0.626537
0.626614
0.626697
0.642086
0.642091
0.642133
0.642185
0.642243
0.642223
0.627315
0.642487
0.642648
0.642937
0.643021
0.643142
0.643535
0.643592
0.629157
0.629231
0.629325
0.643967
0.629482
0.629556
0.644228
0.629718
0.629794
0.629855
0.628501
0.633930
0.629464
0.629750
0.629839
0.645324
0.629985
0.645503
0.630161
0.645667
0.645742
0.645784
0.645860
0.645284
0.630692
0.645437
0.630944
0.631046
0.638837
0.646101
0.631612
0.631690
0.631779
0.631851
0.631934
0.631992
0.646729
0.646542
0.632272
0.632342
0.631999
0.632509
0.646961
0.647102
0.647370
0.647414
0.647462
0.647530
0.632967
0.633025
0.647766
0.647842
0.647918
0.633381
0.648073
0.648054
0.648130
0.648196
0.633895
0.634158
0.634231
0.634309
0.648646
0.652542
0.643155
0.649648
0.643459
0.643588
0.643726
0.643850
0.658520
0.657508
0.644295
0.644417
0.659057
0.647520
0.661107
0.661329
0.648124
0.662751
0.649695
0.663955
0.651365
0.665029
0.658589
0.665610
0.665766
0.652817
0.652893
0.653077
0.652987
0.649808
0.648724
0.655786
0.656730
0.657038
0.657161
0.657093
0.657221
0.657285
0.657510
0.657628
0.658091
0.659520
0.660491
0.660620
0.660155
0.660809
0.660884
0.661061
0.661203
0.661358
0.661644
0.661281
0.661387
0.662039
0.662131
0.662272
0.661902
0.660107
0.662056
0.662694
0.661038
0.662953
0.662602
0.661377
0.663050
0.661520
0.663194
0.663234
0.663280
0.663159
0.661959
0.663314
0.663748
0.663176
0.663878
0.664180
0.664254
0.664328
0.664381
0.664425
0.664482
0.659494
0.664349
0.664889
0.665032
0.664754
0.664823
0.665327
0.665042
0.665103
0.665554
0.665615
0.665688
0.665415
0.664833
0.665549
0.665599
0.662456
0.658497
0.657743
0.661266
0.679088
0.663996
0.679208
0.664114
0.664195
0.679509
0.661939
0.679748
0.679806
0.664767
0.664827
0.680042
0.679371
0.679447
0.679494
0.664000
0.679757
0.679824
0.679878
0.679915
0.664528
0.664626
0.664685
0.664762
0.681418
0.680527
0.679242
0.680653
0.666624
0.681802
0.666869
0.682186
0.667326
0.681469
0.680266
0.680330
0.666208
0.666288
0.680562
0.666433
0.666485
0.666553
0.666101
0.666224
0.681247
0.666575
0.666645
0.681532
0.681567
0.681626
0.666937
0.667016
0.681918
0.667296
0.667426
0.675620
0.682486
0.667887
0.667804
0.682451
0.682570
0.682699
0.682789
0.668555
0.683075
0.683195
0.668980
0.684842
0.668490
0.679806
0.679640
0.680350
0.680030
0.693538
0.680301
0.693832
0.693335
0.680720
0.680844
0.690443
0.687956
0.681462
0.681152
0.681595
0.679275
0.679360
0.679478
0.681699
0.681367
0.681408
0.681470
0.681532
0.681583
0.681647
0.679771
0.680261
0.681878
0.681943
0.680476
0.682076
0.680607
0.682190
0.680727
0.682717
0.678614
0.673224
0.681321
0.681434
0.681555
0.681682
0.681779
0.681884
0.682001
0.682099
0.681944
0.682231
0.682081
0.682150
0.682555
0.681862
0.682495
0.673157
0.674969
0.675415
0.675458
0.675519
0.675647
0.675786
0.675911
0.675940
0.674258
0.676062
0.676122
0.676169
0.676305
0.676403
0.676522
0.676567
0.676680
0.676792
0.676866
0.676926
0.676997
0.677332
0.677468
0.677625
0.677767
0.677851
0.677854
0.677946
0.678050
0.689155
0.678385
0.678519
0.678651
0.678586
0.678934
0.678864
0.679269
0.679718
0.679916
0.680178
0.680246
0.680300
0.680229
0.680454
0.679263
0.680518
0.681046
0.681192
0.681274
0.681377
0.681540
0.681907
0.681494
0.681637
0.681755
0.681888
0.681184
0.681717
0.682375
0.682045
0.682170
0.682319
0.682458
0.682646
0.684571
0.684830
0.685281
0.684522
0.685665
0.685723
0.684826
0.684750
0.686050
0.685867
0.686282
0.686340
0.686403
0.686470
0.686508
0.686609
0.686669
0.686711
0.685571
0.687202
0.687284
0.687361
0.687280
0.687350
0.687394
0.687476
0.687072
0.687591
0.687663
0.687723
0.687781
0.687846
0.687926
0.688057
0.688316
0.688918
0.689050
0.689039
0.689161
0.689286
0.689397
0.689471
0.689547
0.689580
0.689656
0.689717
0.689357
0.689664
0.689733
0.689802
0.690691
0.689760
0.690045
0.689916
0.690206
0.690637
0.690825
0.690957
0.691030
0.691073
0.690932
0.691166
0.691431
0.691610
0.692004
0.692060
0.692148
0.692104
0.692331
0.692471
0.692624
0.692703
0.692841
0.692858
0.692955
0.693000
0.693077
0.693127
0.693722
0.694102
0.774900
0.771298
0.861093
0.859447
0.860355
0.883687
0.876306
0.879478
0.879602
0.879290
1.123014
1.282993
1.533084
