0.093006
0.092170
0.092188
0.092355
0.093161
0.093246
0.094783
0.103570
0.103787
0.103792
0.103799
0.103809
0.103778
0.103752
0.103755
0.103759
0.103767
0.103770
0.102055
0.104186
0.102225
0.102224
0.101763
0.104923
0.104949
0.105047
0.105098
0.105190
0.105274
0.105096
0.105454
0.105538
0.105619
0.105716
0.105762
0.105845
0.105927
0.105977
0.106051
0.106136
0.106225
0.106243
0.106325
0.106410
0.106507
0.106705
0.107677
0.125517
0.126018
0.126023
0.128583
0.128339
0.128858
0.129100
0.132060
0.132754
0.132774
0.132890
0.133002
0.133188
0.133180
0.133428
0.133718
0.133840
0.134024
0.134038
0.134364
0.134387
0.134550
0.134558
0.134638
0.134724
0.134827
0.134921
0.135017
0.135076
0.135155
0.135249
0.135187
0.135233
0.135256
0.135339
0.135572
0.140429
0.140521
0.141021
0.141045
0.141152
0.141249
0.127975
0.128079
0.128171
0.128258
0.128348
0.128464
0.128528
0.128623
0.128701
0.128802
0.128890
0.129478
0.129108
0.129191
0.129282
0.129341
0.129428
0.129522
0.129629
0.129711
0.129812
0.129900
0.129998
0.130503
0.130526
0.130628
0.130725
0.130836
0.130677
0.130755
0.130841
0.130896
0.130987
0.130630
0.130723
0.136360
0.130993
0.131090
0.131192
0.131267
0.131275
0.131357
0.131434
0.131534
0.131609
0.131702
0.132044
0.132119
0.132203
0.123488
0.131954
0.132527
0.132624
0.132719
0.132820
0.132900
0.130240
0.133076
0.133164
0.133258
0.133352
0.133219
0.133322
0.133415
0.133483
0.133561
0.133663
0.133751
0.133852
0.133925
0.133993
0.132479
0.141020
0.141110
0.141194
0.141890
0.142015
0.142177
0.144868
0.145776
0.145854
0.146690
0.146803
0.146872
0.146965
0.147076
0.147176
0.147276
0.147360
0.150868
0.150911
0.151583
0.151710
0.151821
0.151915
0.152010
0.152115
0.150690
0.151468
0.152503
0.151010
0.151690
0.151797
0.151868
0.151961
0.152057
0.152145
0.152232
0.152321
0.152122
0.152736
0.153316
0.152366
0.152454
0.152547
0.152643
0.152739
0.152826
0.152927
0.153017
0.153113
0.153200
0.153556
0.153390
0.153536
0.153532
0.153677
0.153725
0.153867
0.153915
0.154019
0.154134
0.154201
0.154300
0.154390
0.154486
0.156625
0.155088
0.155185
0.155278
0.155411
0.155444
0.155536
0.155633
0.155743
0.155829
0.156099
0.156199
0.156299
0.156708
0.157325
0.155608
0.157825
0.157890
0.157982
0.158075
0.158170
0.158217
0.161477
0.161576
0.161668
0.161764
0.161851
0.161945
0.162033
0.162132
0.162230
0.162321
0.162404
0.162500
0.162579
0.162652
0.162736
0.162838
0.162918
0.163015
0.163101
0.163214
0.165098
0.165251
0.165353
0.165448
0.165511
0.165603
0.165691
0.163357
0.165907
0.165985
0.166064
0.164656
0.165782
0.165859
0.165945
0.151864
0.153375
0.154005
0.153554
0.154097
0.153739
0.153807
0.154385
0.154006
0.154557
0.154146
0.154228
0.154827
0.156688
0.156750
0.154652
0.155220
0.154823
0.154918
0.155508
0.155050
0.155153
0.156058
0.155983
0.156944
0.156894
0.156816
0.156907
0.157015
0.160601
0.157217
0.157301
0.157394
0.157485
0.157577
0.157674
0.157774
0.157865
0.157956
0.158044
0.158146
0.158231
0.158323
0.158409
0.158498
0.158588
0.155688
0.158816
0.161504
0.161431
0.161200
0.160155
0.159507
0.159589
0.162043
0.162496
0.163058
0.163084
0.163167
0.163124
0.163140
0.177869
0.163351
0.163442
0.163537
0.163614
0.163714
0.163810
0.163903
0.163988
0.164283
0.164470
0.164573
0.164656
0.164756
0.164836
0.164934
0.164989
0.165155
0.165250
0.165357
0.165437
0.165530
0.165619
0.165713
0.165771
0.165865
0.165954
0.166061
0.166150
0.166245
0.181658
0.166447
0.166550
0.166637
0.166717
0.166802
0.166908
0.166994
0.167105
0.167183
0.167282
0.167366
0.167463
0.167546
0.183274
0.167743
0.167851
0.167940
0.168047
0.168129
0.168222
0.168305
0.168408
0.168485
0.168580
0.168673
0.168771
0.168860
0.168956
0.169044
0.169136
0.185510
0.169621
0.169704
0.169784
0.169877
0.169969
0.170063
0.170157
0.170256
0.170333
0.170434
0.170523
0.170167
0.170249
0.170316
0.170449
0.170513
0.170598
0.170680
0.170770
0.170855
0.170956
0.171025
0.171153
0.171189
0.171359
0.171347
0.171479
0.171703
0.171857
0.171914
0.172048
0.172097
0.172226
0.172270
0.172395
0.172452
0.172581
0.172631
0.172921
0.173649
0.173999
0.174053
0.174196
0.174241
0.174381
0.174424
0.174570
0.174608
0.174770
0.192477
0.183427
0.177190
0.193504
0.183833
0.183861
0.184006
0.184047
0.184183
0.184200
0.184352
0.184237
0.184763
0.184902
0.184944
0.185084
0.185111
0.185282
0.185368
0.185409
0.185550
0.185598
0.185728
0.185747
0.185905
0.186004
0.186038
0.185891
0.186234
0.186352
0.186389
0.186527
0.186564
0.186707
0.186720
0.186853
0.186995
0.187085
0.187177
0.187275
0.187364
0.187386
0.187517
0.183723
0.187702
0.187794
0.187879
0.187965
0.188047
0.188075
0.188213
0.188281
0.188412
0.188500
0.188565
0.188700
0.188656
0.188890
0.188958
0.189043
0.189134
0.189200
0.189290
0.189385
0.185994
0.186074
0.189240
0.189333
0.189424
0.189512
0.189591
0.189685
0.189381
0.189902
0.189990
0.190066
0.190162
0.190223
0.187537
0.190814
0.190934
0.191017
0.191161
0.191251
0.191323
0.188817
0.191480
0.192866
0.192916
0.193398
0.193444
0.193620
0.193729
0.193814
0.193826
0.193865
0.194101
0.194180
0.191903
0.194285
0.194432
0.194505
0.194576
0.194223
0.194931
0.194930
0.194515
0.194583
0.195243
0.194692
0.195425
0.195507
0.195578
0.195616
0.195194
0.195982
0.195327
0.195665
0.195660
0.195707
0.195738
0.195808
0.195868
0.196059
0.196119
0.192712
0.196622
0.204471
0.222126
0.222772
0.222766
0.222777
0.222783
0.222789
0.222787
0.222779
0.223119
