0.132973
0.134379
0.136104
0.133615
0.145532
0.169016
0.208402
1.448133
1.477668
1.456177
1.475262
1.477254
1.478216
1.476401
1.475697
1.481380
1.486097
1.486178
1.486912
1.486592
1.486796
1.486910
1.487003
1.487738
1.487289
1.487436
1.488218
1.488307
1.488440
1.488577
1.488629
1.488560
1.488664
1.488776
1.488927
1.501983
1.516350
1.516416
1.516632
1.516035
1.495052
1.517395
1.517517
1.517654
1.517868
1.517902
1.518130
1.518140
1.518419
1.518517
1.518901
1.519004
1.519098
1.519246
1.519323
1.519439
1.519610
1.519727
1.516795
1.518815
1.522319
1.522438
1.522543
1.522658
1.522779
1.522471
1.522578
1.522708
1.522812
1.522936
1.523001
1.523113
1.523398
1.523321
1.523442
1.523573
1.523705
1.523827
1.523912
1.496797
1.494999
1.495695
1.496176
1.496459
1.496484
1.496652
1.496789
1.496923
1.497046
1.497185
1.497416
1.497557
1.497690
1.497823
1.497997
1.498016
1.490563
1.498627
1.498671
1.498945
1.499046
1.499216
1.500265
1.500319
1.500328
1.504705
1.500956
1.500935
1.500502
1.500695
1.500971
1.501003
1.501457
1.501603
1.501896
1.502050
1.502469
1.507185
1.502675
1.502756
1.502912
1.503026
1.503203
1.503355
1.507950
1.503807
1.503951
1.504784
1.504852
1.505333
1.509885
1.505722
1.505878
1.506189
1.506519
1.506931
1.507400
1.507832
1.508280
1.508728
1.508973
1.515045
1.515378
1.515635
1.515733
1.520549
1.520630
1.520737
1.515979
1.520946
1.521054
1.521142
1.516425
1.516503
1.522232
1.516942
1.517336
1.521251
1.517928
1.518648
1.518671
1.518774
1.518953
1.518975
1.519065
1.519252
1.518612
1.519375
1.519485
1.519610
1.519753
1.519947
1.519967
1.520063
1.520181
1.520209
1.520308
1.520421
1.520539
1.527074
1.529246
1.529435
1.529580
1.529576
1.530171
1.530299
1.530440
1.530536
1.530629
1.530773
1.530925
1.531110
1.531451
1.531589
1.531710
1.531781
1.531817
1.531904
1.572828
1.573023
1.573393
1.573486
1.573532
1.573594
1.573657
1.573786
1.573914
1.533474
1.574275
1.574280
1.533976
1.574479
1.537476
1.574629
1.534815
1.534957
1.535023
1.535090
1.535054
1.535124
1.535179
1.535242
1.535321
1.535424
1.535561
1.535737
1.535791
1.543275
1.535953
1.532372
1.536062
1.536135
1.536253
1.536724
1.536933
1.536946
1.537023
1.539289
1.539536
1.543243
1.543569
1.543417
1.543879
1.547622
1.548173
1.548283
1.548342
1.548502
1.548623
1.547436
1.548724
1.548786
1.548833
1.548883
1.548928
1.548963
1.549029
1.549071
1.549163
1.549229
1.548373
1.549464
1.549684
1.549813
1.557355
1.557989
1.558250
1.558515
1.558629
1.557993
1.558899
1.559265
1.559364
1.559394
1.558797
1.558860
1.558877
1.558984
1.602107
1.602260
1.559486
1.559563
1.560680
1.602998
1.603026
1.603149
1.528140
1.527603
1.603547
1.604044
1.604331
1.604665
1.604760
1.562195
1.562292
1.562363
1.605287
1.572624
1.563308
1.563492
1.563568
1.563680
1.563781
1.563947
1.564120
1.564229
1.564296
1.607301
1.564406
1.564461
1.564552
1.607760
1.564854
1.564982
1.608123
1.608207
1.608247
1.575254
1.608409
1.608480
1.608557
1.608646
1.608804
1.608850
1.608971
1.609400
1.609575
1.609792
1.609874
1.610043
1.610172
1.610254
1.610998
1.611001
1.610032
1.610146
1.610225
1.612710
1.610440
1.611824
1.611234
1.612610
1.611457
1.610995
1.612951
1.611056
1.611100
1.613255
1.611459
1.613637
1.613701
1.611803
1.613892
1.612043
1.613701
1.612302
1.614054
1.612991
1.614636
1.613205
1.614261
1.613349
1.613402
1.615028
1.614606
1.614674
1.614721
1.614809
1.614933
1.615141
1.584377
1.615352
1.615424
1.615459
1.615543
1.615670
1.615769
1.615832
1.615878
1.615926
1.615989
1.616043
1.616090
1.616138
1.616196
1.616258
1.616273
1.585878
1.616437
1.616479
1.586114
1.586241
1.586738
1.586876
1.587210
1.587349
1.587542
1.582451
1.587870
1.587924
1.587973
1.588055
1.588130
1.588181
1.588227
1.588326
1.588813
1.589109
1.579620
1.543304
1.589321
1.589824
1.589974
1.589810
1.590287
1.590427
1.590266
1.590391
1.590523
1.589859
1.590838
1.592470
1.598906
1.599067
1.599232
1.599823
1.599549
1.599654
1.599815
1.600189
1.600388
1.601208
1.601244
1.601332
1.601378
1.601431
1.601485
1.601535
1.601595
1.601604
1.599994
1.601465
1.598114
1.597769
1.601078
1.597875
1.598027
1.598347
1.598474
1.602491
1.602521
1.598648
1.602649
1.602686
1.602765
1.602886
1.603019
1.603145
1.603219
1.603260
1.603394
1.603454
1.603685
1.603783
1.603820
1.603897
1.603926
1.603887
1.604069
1.604014
1.604088
1.604110
1.604151
1.604206
1.604349
1.604600
1.604740
1.604816
1.604926
1.601874
1.605010
1.605068
1.605122
1.605178
1.605222
1.605286
1.604145
1.604202
1.604258
1.604307
1.604379
1.604419
1.604550
1.600811
1.585628
1.640392
1.607050
1.606598
1.606726
1.606780
1.606846
1.606885
1.606958
1.606983
1.581947
1.607085
1.618346
1.618527
1.618639
1.618735
1.618858
1.618950
1.587684
1.587790
1.615620
1.617907
1.608959
1.619911
1.620095
1.620226
1.621001
1.623118
1.623257
1.655031
1.623477
1.623604
1.623710
1.625250
1.625360
1.620082
1.619068
1.619410
1.629002
1.627639
1.627692
1.627681
1.627716
1.627679
1.627739
1.627750
1.628115
1.628234
1.628361
1.628461
1.630070
1.629546
1.630208
1.630618
1.630268
1.630645
1.630668
1.630200
1.630710
1.630719
1.630849
1.630988
1.631106
1.631222
1.632357
1.632387
1.632404
1.632401
1.632402
1.632766
1.633092
1.633554
1.634279
1.633950
1.634298
1.634434
1.632950
1.634674
1.642161
1.638987
1.639193
1.639299
1.639457
1.639673
1.639912
1.640128
1.640360
1.642818
1.642987
1.643271
1.643364
1.643630
1.643722
1.643940
1.643802
1.644255
1.644470
1.644382
1.644419
1.644499
1.644545
1.644661
1.644817
1.644924
1.644986
1.645042
1.645127
1.646247
1.646973
1.650690
1.647411
1.647585
1.647744
1.647927
1.648114
1.648273
1.648469
1.648626
1.648888
1.648445
1.648681
1.648865
1.649052
1.649226
1.649408
1.649608
1.653265
1.653393
1.653433
1.653520
1.653584
1.653650
1.653706
1.653809
1.653875
1.653921
1.654018
1.654053
1.654165
1.654302
1.654561
1.654789
1.657843
1.655437
1.655603
1.656212
1.656420
1.656497
1.656559
1.656693
1.656913
1.657116
1.657295
1.657487
1.657646
1.657826
1.657999
1.658189
1.658500
1.658638
1.659008
1.659187
1.659375
1.659533
1.659715
1.660315
1.660391
1.660472
1.660618
1.660776
1.660929
1.661052
1.661173
1.661316
1.661426
1.661572
1.661676
1.661866
1.662004
1.662133
1.662275
1.662420
1.662529
1.669828
1.662769
1.662826
1.668849
1.663087
1.668999
1.669046
1.669066
1.669159
1.669173
1.669247
1.670764
1.669576
1.671022
1.669766
1.669799
1.669857
1.669875
1.670118
1.670177
1.670221
1.673073
1.671890
1.673642
1.672225
1.671256
1.673980
1.672761
1.672918
1.674444
1.673238
1.674767
1.674907
1.675802
1.675828
1.676879
1.676303
1.676977
1.676669
1.677637
1.677013
1.677153
1.673386
1.675394
1.675571
1.675749
1.678748
1.679206
1.679383
1.680234
1.680727
1.680963
1.681477
1.681511
1.682054
1.682098
1.681837
1.681583
1.682374
1.681795
1.682542
1.682975
1.683506
1.683357
1.683805
1.683856
1.683628
1.684071
1.684220
1.684617
1.684753
1.684780
1.684804
1.685146
1.684817
1.683823
1.685157
1.683092
1.684063
1.684148
1.684227
1.684757
1.685933
1.680269
1.677088
1.684150
1.680183
1.685663
1.640333
1.677240
1.678590
1.678986
1.679650
1.684547
1.680460
1.685056
1.685267
1.685800
1.686071
1.686253
1.686510
1.686846
1.691565
1.691966
1.688625
1.692666
1.697442
1.692854
1.692940
1.687937
1.693005
1.692675
1.692734
1.689472
1.693008
1.693103
1.698436
1.689876
1.693334
1.693413
1.693484
1.693553
1.698913
1.693691
1.699071
1.693865
1.690077
1.700452
1.699403
1.698429
1.690379
1.700759
1.691140
1.699797
1.700727
1.691345
1.690299
1.691991
1.701063
1.691707
1.682037
1.690681
1.700509
1.700673
1.702667
1.692357
1.701061
1.701188
1.692787
1.692954
1.692905
1.693937
1.694454
1.696341
1.696407
1.705704
1.705732
1.705740
1.705748
1.705760
1.705760
1.705110
1.697283
1.697384
1.708246
1.708246
1.708237
1.697544
1.697519
1.696998
1.696928
1.696935
1.696950
1.696958
1.696971
1.696978
1.703076
1.707762
1.707750
1.684457
1.697107
1.696592
1.696605
1.696619
1.697724
1.707690
1.697953
1.697990
1.708735
1.709808
1.708851
1.709948
1.698471
1.698025
1.698616
1.698674
1.698704
1.698766
1.698821
1.698949
1.699146
1.699247
1.699308
1.699337
1.699393
1.699533
1.699801
1.699912
1.699970
1.700039
1.711158
1.700239
1.700907
1.710979
1.711016
1.711094
1.711363
1.712537
1.712546
1.711551
1.712131
1.712735
1.701805
1.701842
1.701890
1.701932
1.701962
1.702021
1.702323
1.702138
1.702187
1.702253
1.702343
1.702640
1.702765
1.702837
1.702862
1.702924
1.702979
1.713034
1.703420
1.703473
1.703518
1.703576
1.713891
1.713981
1.714108
1.714169
1.714225
1.710827
1.714540
1.714665
1.714737
1.707000
1.714051
1.714754
1.714875
1.714947
1.715276
1.715395
1.715501
1.715128
1.715732
1.715409
1.715477
1.715601
1.715668
1.715799
1.715879
1.716010
1.716122
1.716210
1.696074
1.716515
1.716175
1.716748
1.716419
1.716559
1.716669
1.716781
1.716944
1.717419
1.779517
1.721527
1.718616
1.718585
1.718432
1.719484
1.719589
1.720052
1.720164
1.720330
1.720372
1.701781
1.720609
1.720694
1.702252
1.702366
1.702459
1.702612
1.702802
1.702921
1.703121
1.703244
1.703323
1.703442
1.703521
1.703633
1.703722
1.703536
1.703617
1.703660
1.703820
1.703902
1.703984
1.704036
1.704190
1.709506
1.704457
1.704630
1.704806
1.704955
1.705056
1.705162
1.705226
1.705324
1.705458
1.705582
1.705646
1.705739
1.705862
1.705998
1.706090
1.706230
1.723205
1.706604
1.706741
1.706840
1.706955
1.707089
1.707158
1.707446
1.707525
1.707666
1.707732
1.707795
1.726771
1.708022
1.727469
1.727500
1.727632
1.727701
1.727783
1.726080
1.728046
1.728175
1.728367
1.728464
1.728612
1.728716
1.728859
1.729020
1.729089
1.729240
1.729332
1.729404
1.729502
1.729647
1.729767
1.725833
1.729978
1.730228
1.730307
1.730451
1.730518
1.725232
1.730683
1.730858
1.731075
1.731227
1.731377
1.730134
1.731559
1.731714
1.730614
1.730646
1.730881
1.730965
1.730956
1.731031
1.731111
1.731343
1.731547
1.731717
1.728101
1.732095
1.732268
1.728667
1.732653
1.732804
1.729194
1.733185
1.729512
1.730002
1.734251
1.737315
1.741370
1.741601
1.741429
1.741886
1.741969
1.742106
1.742255
1.742325
1.742459
1.742607
1.742699
1.742828
1.742952
1.742878
1.743171
1.743315
1.743391
1.744765
1.745302
1.745450
1.745522
1.745649
1.746274
1.746662
1.747057
1.747439
1.747581
1.748598
1.748995
1.749430
1.749823
1.750227
1.750431
1.750675
1.750221
1.750944
1.751093
1.751226
1.751309
1.748238
1.748375
1.748571
1.748703
1.748811
1.793568
1.749064
1.793864
1.791935
1.792076
1.792160
1.792311
1.792453
1.792547
1.792692
1.792777
1.792979
1.793116
1.793194
1.793353
1.754412
1.793700
1.754619
1.793939
1.740082
1.765352
1.755181
1.765677
1.755458
1.765917
1.755699
1.766110
1.755937
1.756019
1.766507
1.756241
1.741247
1.742592
1.757539
1.742906
1.757815
1.743170
1.758046
1.758178
1.743518
1.758477
1.743830
1.758718
1.758815
1.744270
1.744373
1.744500
1.759098
1.759231
1.759358
1.759443
1.759571
1.759696
1.759760
1.759846
1.759981
1.760102
1.760188
1.760326
1.760460
1.760528
1.760674
1.746553
1.760900
1.761035
1.761113
1.761259
1.725683
1.725812
1.725969
1.726006
1.726127
1.726189
1.726312
1.726376
1.726457
1.726613
1.726724
1.726852
1.748809
1.727098
1.727195
1.749185
1.749279
1.749386
1.723845
1.747542
1.722246
1.724142
1.724165
1.724234
1.724263
1.724347
1.724375
1.724456
1.724481
1.724569
1.724595
1.724635
1.724664
1.724739
1.724770
1.724853
1.724883
1.724963
1.724991
1.725071
1.725435
1.720349
1.726552
1.721297
1.721641
1.721957
1.722210
1.723331
1.723523
1.723661
1.723708
1.723861
1.723908
1.724042
1.724075
1.724454
1.724450
1.724624
1.724682
1.726301
1.734082
1.736168
1.736334
1.736586
1.736610
1.736782
1.736798
1.737023
1.736986
1.737104
1.737261
1.737338
1.737324
1.796959
