0.048974
0.062393
0.046974
0.047564
0.049190
0.050384
0.050538
0.051358
0.051540
0.051565
0.051545
0.051544
0.051547
0.067828
0.075166
0.075705
0.076401
0.076578
0.076600
0.076712
0.076827
0.076922
0.077036
0.077131
0.077261
0.077368
0.077488
0.077604
0.077782
0.077887
0.078004
0.078119
0.078263
0.078928
0.079051
0.079171
0.079286
0.079402
0.079501
0.079625
0.078696
0.082169
0.080647
0.080738
0.080845
0.080954
0.081327
0.081443
0.094186
0.081664
0.086530
0.086742
0.086854
0.086931
0.082834
0.082945
0.083166
0.083888
0.084021
0.084127
0.084291
0.084407
0.084551
0.084645
0.084761
0.084796
0.084884
0.084986
0.085164
0.085876
0.086025
0.088456
0.086492
0.086740
0.089670
0.093280
0.103945
0.150159
0.148747
0.148657
0.147906
0.152797
0.152794
0.152810
0.152813
0.152828
0.152830
0.150850
0.150622
0.149109
0.149000
0.149005
0.149020
0.149024
0.154147
0.154042
0.154035
0.154038
0.154039
0.154032
0.154040
0.154002
0.154018
0.154019
0.154031
0.154031
0.154044
0.154048
0.154036
0.154054
0.154045
0.154059
0.154056
0.165060
0.165080
0.165084
0.165094
0.165101
0.165114
0.165122
0.165436
0.162471
0.151857
0.165658
0.165786
0.166117
0.152692
0.152701
0.152694
0.152690
0.152702
0.152706
0.152719
0.152727
0.152721
0.152720
0.152727
0.146523
0.164420
0.164923
0.166896
0.165862
0.166504
0.168981
0.153244
0.165300
0.165312
0.207779
0.210241
0.210690
0.209960
0.209347
0.212380
0.212936
0.213484
0.214017
0.214413
0.215124
0.215529
0.216237
0.217343
0.217770
0.218702
0.219623
0.219648
0.219680
0.219681
0.219997
0.220014
0.220009
0.220199
0.216554
0.215956
0.220434
0.220445
0.220915
0.225211
0.225263
0.225286
0.221963
0.223626
0.223641
0.223660
0.221929
0.215474
0.225420
0.225392
0.225378
0.225357
0.225350
0.225329
0.225315
0.225295
0.225259
0.225237
0.225227
0.225205
0.225198
0.225178
0.225167
0.225144
0.225103
0.225182
0.225295
0.226783
0.226774
0.226966
0.226983
0.217181
0.227220
0.227241
0.227244
0.227333
0.227524
0.227545
0.227548
0.227747
0.227755
0.227714
0.227806
0.227216
0.228210
0.214021
0.227374
0.227370
0.225777
0.211217
0.211224
0.211386
0.211376
0.226284
0.211568
0.228176
0.226553
0.226633
0.228469
0.228486
0.228561
0.227151
0.227155
0.225865
0.234384
0.234439
0.234456
0.234462
0.234455
0.234439
0.234444
0.234458
0.234462
0.234478
0.221758
0.222536
0.230258
0.233606
0.233612
0.233629
0.233631
0.233621
0.233620
0.233633
0.233635
0.233652
0.233664
0.233678
0.233679
0.233665
0.233661
0.233648
0.233666
0.233671
0.233685
0.229850
0.229864
0.233903
0.233813
0.233798
0.233796
0.233811
0.233799
0.233805
0.233798
0.233802
0.233792
0.233798
0.233807
0.233811
0.233824
0.233828
0.233838
0.221406
0.236776
0.236765
0.236761
0.236774
0.236777
0.236790
0.236758
0.237532
0.237535
0.237539
0.237517
0.237484
0.237493
0.237500
0.237511
0.237517
0.237529
0.237544
0.237546
0.237562
0.237560
0.237576
0.237576
0.237588
0.237592
0.237604
0.231895
0.235927
0.235931
0.235943
0.235916
0.235909
0.235919
0.238857
0.238869
0.238876
0.238878
0.238867
0.238862
0.238875
0.238878
0.238887
0.238854
0.238862
0.238865
0.238848
0.237206
0.237209
0.237223
0.237206
0.237218
0.237222
0.237236
0.235330
0.235296
0.235283
0.235266
0.235226
0.225015
0.234071
0.189429
0.188876
0.188791
0.188758
0.226306
0.192402
0.192421
0.192353
0.192362
0.192328
0.192341
0.192302
0.192314
0.192258
0.230347
0.230373
0.230397
0.230422
0.230443
0.230930
0.230967
0.230993
0.231014
0.231036
0.231061
0.231085
0.231109
0.231102
0.231206
0.193324
0.193304
0.193304
0.193225
0.193236
0.193235
0.193151
0.193088
0.193100
0.193064
0.193072
0.193035
0.193046
0.193043
0.192985
0.192588
0.192596
0.192597
0.192555
0.191639
0.681366
0.691248
0.691798
