0.380971
0.380153
0.380219
0.380251
0.380619
0.380928
0.380968
0.381189
0.381358
0.381477
0.381652
0.381919
0.381911
0.380498
0.382613
0.383667
0.383517
0.383570
0.385435
0.385412
0.383868
0.384076
0.384281
0.384461
0.384740
0.383786
0.383593
0.383875
0.384096
0.384229
0.384404
0.385151
0.385698
0.385865
0.386021
0.386165
0.386108
0.386482
0.386635
0.386755
0.386939
0.387095
0.387155
0.387424
0.387930
0.388107
0.388475
0.389470
0.390621
0.390889
0.390938
0.391073
0.391167
0.391615
0.391715
0.396119
0.396140
0.396458
0.397016
0.397170
0.397294
0.397639
0.397664
0.397668
0.397895
0.397899
0.398084
0.398248
0.398582
0.398573
0.398720
0.398945
0.399119
0.398975
0.398275
0.399257
0.399420
0.399552
0.400019
0.400261
0.400382
0.400551
0.401255
0.401275
0.401495
0.401501
0.401502
0.401505
0.401637
0.402004
0.402034
0.402200
0.402317
0.402610
0.403065
0.403075
0.403176
0.403306
0.403464
0.403377
0.403769
0.403890
0.404064
0.404106
0.404255
0.404643
0.404810
0.404928
0.405047
0.405143
0.405258
0.405396
0.405543
0.405652
0.405843
0.405972
0.406102
0.406204
0.389981
0.406502
0.406637
0.406783
0.406906
0.407050
0.407163
0.407289
0.407403
0.407559
0.407683
0.407707
0.407954
0.408075
0.408191
0.408352
0.408436
0.408552
0.408711
0.408856
0.408978
0.409236
0.410009
0.410399
0.410388
0.410419
0.410750
0.410778
0.410897
0.411091
0.411252
0.411425
0.411511
0.411665
0.411820
0.412065
0.412198
0.412221
0.412311
0.412582
0.412534
0.412628
0.412767
0.405189
0.410115
0.411939
0.402033
0.403611
0.410809
0.412884
0.398613
0.413224
0.413289
0.399962
0.413541
0.413652
0.413776
0.413894
0.414052
0.414199
0.414320
0.414523
0.414684
0.414910
0.414989
0.415187
0.415344
0.414371
0.415942
0.415964
0.416074
0.416319
0.417172
0.417186
0.417418
0.417593
0.418016
0.418060
0.418182
0.418292
0.418422
0.418518
0.409431
0.418785
0.418259
0.418371
0.418437
0.418608
0.418727
0.418887
0.418998
0.419165
0.416930
0.411179
0.419601
0.419745
0.420054
0.415982
0.416110
0.416254
0.416414
0.416537
0.416626
0.413401
0.418958
0.409924
0.409952
0.409959
0.410106
0.410347
0.410547
0.410676
0.410956
0.411094
0.411298
0.411419
0.411525
0.411697
0.411821
0.420261
0.408616
0.417831
0.419574
0.418147
0.418242
0.422157
0.422232
0.422405
0.422497
0.422643
0.422736
0.422909
0.423085
0.423127
0.423178
0.422611
0.422673
0.422744
0.422782
0.422824
0.422869
0.422942
0.423022
0.423333
0.423378
0.423488
0.419562
0.415161
0.420241
0.420359
0.420481
0.420590
0.420695
0.420746
0.420859
0.420944
0.420999
0.421223
0.421590
0.421702
0.421793
0.421827
0.421948
0.421954
0.422140
0.422686
0.422867
0.423033
0.423195
0.423358
0.423516
0.423584
0.423738
0.423512
0.423711
0.423883
0.424176
0.424340
0.424372
0.428324
0.428481
0.428588
0.428635
0.428699
0.428755
0.428844
0.428860
0.428917
0.428976
0.429036
0.429096
0.429140
0.429235
0.429283
0.429406
0.429731
0.429776
0.429857
0.429884
0.429994
0.430022
0.430119
0.430129
0.430210
0.430227
0.428894
0.430422
0.429049
0.428320
0.428368
0.425299
0.428000
0.428018
0.428088
0.428135
0.428231
0.428273
0.428353
0.428368
0.428438
0.428469
0.429287
0.429385
0.429427
0.429538
0.429947
0.429983
0.430084
0.430143
0.430202
0.430283
0.430387
0.430448
0.430552
0.430684
0.430543
0.431439
0.432627
0.430878
0.433059
0.433208
0.433333
0.433492
0.433557
0.433644
0.433720
0.433796
0.433867
0.433949
0.433985
0.434033
0.434069
0.434890
0.435282
0.435615
0.435939
0.436260
0.436573
0.436824
0.436940
0.437078
0.437670
0.437857
0.437910
0.437972
0.438060
0.438103
0.438130
0.438319
0.438673
0.438747
0.438754
0.439023
0.439083
0.439192
0.439222
0.439252
0.439344
0.439418
0.439489
0.439578
0.439693
0.439742
0.440211
0.440281
0.440423
0.448197
0.448546
0.448764
0.448256
0.451945
0.452255
0.452414
0.452545
0.452721
0.452915
0.453039
0.453176
0.453910
0.454086
0.454226
0.454360
0.454070
0.454655
0.454788
0.454922
0.455045
0.454818
0.454944
0.455084
0.444321
0.444419
0.444547
0.445339
0.445527
0.446678
0.446758
0.446952
0.447349
0.448037
0.448872
0.448937
0.449027
0.449061
0.449142
0.449302
0.449626
0.449882
0.449951
0.450002
0.450074
0.450167
0.450182
0.450299
0.450430
0.450548
0.450654
0.450770
0.450838
0.450970
0.451166
0.451166
0.451296
0.451486
0.451569
0.451679
0.451771
0.451869
0.451994
0.452057
0.452202
0.452340
0.455786
0.455742
0.456491
0.456568
0.456676
0.456872
0.457123
0.457179
0.457245
0.457313
0.457366
0.457474
0.457509
0.457627
0.457929
0.458113
0.458287
0.458340
0.458411
0.458443
0.458293
0.458310
0.458705
0.458650
0.458738
0.458812
0.458771
0.458813
0.458907
0.461498
0.461743
0.462081
0.462380
0.462778
0.462853
0.462901
0.462961
0.463021
0.463035
0.462337
0.463215
0.463292
0.463339
0.463376
0.463461
0.463512
0.463592
0.463725
0.464341
0.464571
0.464632
0.464713
0.464755
0.464846
0.464896
0.464986
0.465054
0.465127
0.465197
0.465236
0.465314
0.465350
0.465445
0.465575
0.465900
0.466142
0.466293
0.466462
0.466605
0.466766
0.469613
0.470483
0.470786
0.470959
0.471212
0.471394
0.471574
0.470419
0.471954
0.472124
0.472925
0.473286
0.473484
0.473600
0.473612
0.473626
0.473630
0.473615
0.473618
0.473650
0.478900
0.478738
0.479012
0.479017
0.479028
0.479027
0.479012
0.479017
0.479030
0.479033
0.482915
0.479355
0.479768
0.482147
0.482250
0.482356
0.482467
0.482571
0.482686
0.482799
0.480272
0.480356
0.480388
0.480572
0.480604
0.480699
0.480794
0.480890
0.480946
0.481046
0.481136
0.481222
0.481319
0.481417
0.481493
0.481594
0.481684
0.481473
0.482048
0.482145
0.482241
0.482329
0.482417
0.482974
0.483119
0.483501
0.483684
0.483810
0.483906
0.484093
0.484181
0.488598
0.488797
0.488950
0.489124
0.489294
0.487061
0.489523
0.489644
0.489820
0.489843
0.490080
0.490163
0.490268
0.490671
0.490808
0.490949
0.491042
0.491150
0.491216
0.491312
0.491399
0.491540
0.491658
0.491773
0.491898
0.491195
0.492180
0.492256
0.492366
0.491709
0.491862
0.491949
0.492044
0.492129
0.492208
0.492330
0.492458
0.492583
0.492728
0.493037
0.493167
0.493295
0.493408
0.493510
0.493650
0.493879
0.493998
0.494209
0.494301
0.494401
0.494504
0.494635
0.494728
0.494856
0.494975
0.495091
0.495175
0.495335
0.495412
0.495773
0.495846
0.495937
0.496047
0.496175
0.496297
0.496395
0.496533
0.496649
0.496718
0.495065
0.496989
0.495902
0.497236
0.497357
0.497496
0.497576
0.497354
0.497847
0.497949
0.498041
0.498149
0.498280
0.498407
0.498530
0.498604
0.498718
0.498849
0.498974
0.499115
0.499165
0.499322
0.499420
0.499537
0.499641
0.499766
0.499886
0.500017
0.500149
0.500258
0.500381
0.500516
0.500652
0.500766
0.500952
0.501055
0.501152
0.501277
0.501476
0.501607
0.501739
0.501857
0.501999
0.502118
0.500678
0.503121
0.503772
0.506936
0.507055
0.506833
0.506974
0.507017
0.507494
0.507628
0.507743
0.507842
0.507987
0.508129
0.508305
0.508440
0.508486
0.508547
0.508655
0.508674
0.508376
0.508794
0.508877
0.508929
0.509000
0.509032
0.509102
0.509120
0.509235
0.509356
0.509486
0.509622
0.509870
0.509926
0.509979
0.510037
0.510006
0.510053
0.510107
0.510200
0.510388
0.510496
0.510655
0.510803
0.510980
0.511126
0.511281
0.512152
0.512420
0.512599
0.512915
0.502660
0.501942
0.502759
0.502810
0.502883
0.502959
0.503018
0.503096
0.503164
0.503213
0.503260
0.503341
0.503420
0.503448
0.503512
0.504005
0.504077
0.504124
0.504192
0.504273
0.504329
0.504375
0.504432
0.504509
0.504597
0.504670
0.504723
0.504787
0.504801
0.504856
0.504923
0.505057
0.505421
0.505495
0.505549
0.505601
0.505668
0.505751
0.505820
0.505877
0.505949
0.506017
0.506067
0.506089
0.506154
0.506203
0.506336
0.506615
0.506677
0.506742
0.506803
0.506806
0.506841
0.493064
0.492917
0.492928
0.492925
0.492749
0.492806
0.492899
0.492947
0.493129
0.493882
0.493936
0.493972
0.494130
0.494173
0.494217
0.494275
0.494342
0.494424
0.494502
0.494583
0.494647
0.494908
0.494974
0.495115
0.495198
0.495517
0.495582
0.495674
0.495715
0.495774
0.495799
0.495877
0.496037
0.496029
0.496191
0.496472
0.497827
0.498067
0.498171
0.498263
0.498453
0.498831
0.498909
0.498982
0.499052
0.499292
0.499356
0.499407
0.499475
0.499556
0.499623
0.499699
0.499749
0.499822
0.499893
0.500004
0.500192
0.499500
0.500560
0.500769
0.500864
0.500945
0.500983
0.501054
0.501199
0.501409
0.501479
0.501550
0.501642
0.501700
0.501773
0.501840
0.501897
0.501973
0.502098
0.502162
0.502303
0.502541
0.502629
0.502783
0.503083
0.503154
0.503207
0.503283
0.503348
0.503390
0.503507
0.503533
0.503583
0.503613
0.503754
0.503770
0.503830
0.503910
0.503954
0.504066
0.504346
0.504418
0.504463
0.504528
0.504573
0.504645
0.504708
0.504744
0.504806
0.504886
0.504935
0.505012
0.505080
0.505161
0.505271
0.505530
0.505605
0.505682
0.505752
0.505829
0.505832
0.509149
0.506064
0.506141
0.506150
0.506209
0.506290
0.506362
0.506439
0.506553
0.506815
0.506880
0.506925
0.506967
0.507045
0.507112
0.507191
0.507236
0.507312
0.506992
0.507022
0.507090
0.507161
0.507213
0.507285
0.507407
0.508219
0.508322
0.508287
0.508465
0.508518
0.508601
0.508658
0.508616
0.508800
0.508859
0.508927
0.508946
0.509008
0.509072
0.509154
0.509221
0.509282
0.509423
0.509801
0.509868
0.509970
0.510009
0.510090
0.510146
0.510219
0.510288
0.510242
0.510420
0.510484
0.510548
0.510615
0.510489
0.511263
0.511469
0.511607
0.511713
0.511810
0.511963
0.512093
0.512200
0.512339
0.512465
0.512595
0.512861
0.513019
0.513146
0.513232
0.513389
0.513765
0.513878
0.514002
0.514112
0.514242
0.514354
0.514336
0.514550
0.514622
0.514683
0.514746
0.514825
0.514855
0.514901
0.520863
0.515162
0.515468
0.515544
0.521561
0.521648
0.521758
0.521837
0.521893
0.521980
0.522071
0.522158
0.522223
0.516291
0.513488
0.516469
0.516590
0.516870
0.516934
0.517000
0.517065
0.517121
0.517190
0.517266
0.517310
0.517384
0.517456
0.517516
0.517581
0.517663
0.517730
0.517859
0.517885
0.518216
0.518268
0.518335
0.518365
0.518507
0.518525
0.518629
0.518837
0.518942
0.518988
0.519235
0.519127
0.518679
0.519369
0.519142
0.519221
0.519298
0.519960
0.519451
0.520105
0.519615
0.520253
0.520315
0.520392
0.520442
0.520517
0.520562
0.520638
0.520772
0.521138
0.521206
0.543740
0.521485
0.521566
0.521645
0.521436
0.521790
0.521867
0.521935
0.521611
0.521678
0.521756
0.521809
0.521902
0.522939
0.522496
0.530572
0.522673
0.530628
0.522816
0.530808
0.522995
0.523062
0.523119
0.531143
0.531232
0.523353
0.523437
0.523471
0.523609
0.524012
0.523995
0.518666
0.524241
0.524535
0.524495
0.524570
0.524639
0.524716
0.524742
0.524825
0.524868
0.524955
0.525000
0.525075
0.525147
0.525224
0.520085
0.533885
0.520274
0.520487
0.520523
0.520561
0.526165
0.520807
0.520832
0.521024
0.521254
0.521161
0.527009
0.527080
0.527339
0.527396
0.527525
0.527773
0.527652
0.528047
0.528108
0.528191
0.528253
0.528381
0.528440
0.528499
0.528570
0.528583
0.528685
0.529007
0.529069
0.529148
0.529224
0.529297
0.529364
0.529442
0.531528
0.529608
0.538915
0.539000
0.524781
0.539183
0.527601
0.527767
0.527916
0.523931
0.523376
0.523450
0.523567
0.523659
0.523754
0.523807
0.528952
0.528994
0.527746
0.595205
0.749972
0.933786
0.947643
1.022034
1.071502
