0.960344
0.958901
0.971270
0.958907
0.962379
0.968729
0.990030
0.989865
0.990684
0.991459
0.991680
0.991641
0.991878
0.991997
0.992578
0.992687
0.992127
0.993005
0.982779
0.993287
0.993433
0.993541
0.993731
0.980551
0.995069
0.982252
0.997064
0.997499
0.998511
0.998673
0.998337
0.989282
0.989558
0.981041
0.981461
0.981635
0.982808
0.982926
0.983052
0.983182
0.983309
0.983425
0.983556
0.983685
0.983800
0.983973
0.984115
0.983473
0.983718
0.983930
0.984213
0.984506
0.984781
0.985066
0.985352
0.985542
0.985673
0.985785
0.986020
0.986130
0.986681
0.986804
0.986988
0.987110
0.987290
0.987442
0.987876
0.988163
