1.068762
1.108406
1.069001
1.081059
1.087800
1.066339
1.079544
1.115530
1.070495
1.115946
1.070726
1.116384
1.071184
1.116944
1.071819
1.061094
1.061588
1.072704
1.072751
1.061885
1.065614
1.114346
1.085702
1.062901
1.063063
1.063231
1.065737
1.064260
1.064324
1.065148
1.081409
1.105038
1.083276
1.082547
1.083137
1.107451
1.108007
1.084558
1.087084
1.120073
1.100097
1.101153
1.101791
1.124776
1.101909
1.101780
1.103765
1.125411
1.102238
1.102356
1.104283
1.125983
1.102798
1.102928
1.104959
1.126625
1.105209
1.103503
1.126966
1.105757
1.104702
1.105518
1.104866
1.118067
1.105154
1.106097
1.106237
1.105610
1.154206
1.106675
1.106829
1.106169
1.107126
1.107254
1.107384
1.106793
1.152540
1.107845
1.107957
1.119144
1.108171
1.110299
1.109175
1.121111
1.109474
1.110656
1.109751
1.091899
1.131063
1.163419
1.110323
1.125640
1.164302
1.111304
1.164665
1.156612
1.164946
1.165084
1.112032
1.157184
1.112277
1.165709
1.157617
1.166021
1.112879
1.166332
1.166415
1.167142
1.167356
1.167504
1.167649
1.167774
1.167948
1.168042
1.168215
1.168359
1.168499
1.168654
1.168808
1.168925
1.169060
1.169176
1.169371
1.169500
1.169704
1.169856
1.143788
1.143907
1.144052
1.144188
1.175282
1.171186
1.171199
1.119704
1.171997
1.172039
1.127206
1.126813
1.125094
1.131634
1.127361
1.131857
1.134028
1.126836
1.127954
1.178793
1.121759
1.121104
1.122168
1.132404
1.131933
1.133573
1.148812
1.131330
1.149497
1.149552
1.149671
1.149795
1.149928
1.150105
1.145888
1.150402
1.150483
1.150633
1.150738
1.139559
1.132250
1.135457
1.135637
1.135758
1.133944
1.136016
1.136140
1.136318
1.136480
1.136614
1.136736
1.136848
1.137024
1.137736
1.137918
1.138070
1.138191
1.138232
1.138518
1.138694
1.138810
1.138984
1.139115
1.139252
1.134722
1.139512
1.139619
1.139790
1.139923
1.140028
1.147872
1.140330
1.140462
1.140621
1.140721
1.140950
1.139706
1.141213
1.141329
1.141480
1.141649
1.141764
1.141933
1.142034
1.142211
1.142346
1.142480
1.142616
1.142771
1.142890
1.143005
1.143166
1.143483
1.143744
1.144340
1.144388
1.142092
1.145835
1.146043
1.146077
1.146214
1.146343
1.146518
1.146621
1.146765
1.146952
1.147030
1.147277
1.147312
1.147438
1.147569
1.147705
1.147845
1.147971
1.148093
1.148205
1.148304
1.148435
1.148534
1.148726
1.148834
1.148979
1.149093
1.149223
1.149357
1.149455
1.149634
1.149791
1.149878
1.156785
1.150147
1.150240
1.150412
1.150535
1.150698
1.150830
1.150995
1.151090
1.151860
1.151799
1.151523
1.152072
1.152102
1.152503
1.152918
1.153186
1.153229
1.153353
1.153466
1.153630
1.148319
1.153911
1.154035
1.154179
1.154341
1.154460
1.154622
1.154733
1.154903
1.155008
1.155153
1.155276
1.155362
1.155478
1.162505
1.155720
1.162787
1.162896
1.163023
1.156589
1.169966
1.171104
1.169528
1.169559
1.164610
1.170174
1.165338
1.170519
1.165599
1.165774
1.170940
1.166009
1.171225
1.166296
1.163534
1.167420
1.147405
1.172605
1.168917
1.166177
1.174965
1.172906
1.170583
1.171103
1.178462
1.178645
1.178763
1.171942
1.179021
1.172202
1.179368
1.171835
1.178649
1.177594
1.172308
1.176780
1.176898
1.172715
1.177210
1.173050
1.173567
1.173696
1.173773
1.223076
1.173608
1.178637
1.173834
1.178956
1.174094
1.179636
1.175318
1.180492
1.176508
1.174842
1.180506
1.222036
1.177153
1.177294
1.179970
1.178944
1.177700
1.179203
1.178160
1.178196
1.178388
1.178611
1.178855
1.178927
1.179117
1.179188
1.179382
1.179493
1.179645
1.179720
1.179869
1.179951
1.180112
1.180207
1.180417
1.180511
1.180681
1.180795
1.180919
1.181073
1.181204
1.181382
1.181442
1.181668
1.181719
1.181956
1.181976
1.182242
1.182237
1.182542
1.182602
1.182994
1.182919
1.183307
1.180678
1.183608
1.183520
1.183892
1.184218
1.185852
1.184733
1.186136
1.388765
1.332297
1.332293
1.332229
1.355787
1.385684
1.332480
1.389595
1.390542
1.390601
1.390692
1.390737
1.390843
1.390247
1.390373
1.390283
1.391809
1.391885
1.391215
1.391309
1.392048
1.391526
1.391260
1.391763
1.391872
1.391933
1.392018
1.389332
1.391938
1.392001
1.391765
1.391902
1.392222
1.392300
1.392393
1.392446
1.392580
1.392727
1.392808
1.392905
1.392992
1.393097
1.393717
1.394133
1.394363
1.394658
1.395164
1.396475
1.396664
1.396736
1.396789
1.396847
1.396951
1.397013
1.397093
1.397179
1.396625
1.395315
1.396767
1.396818
1.396895
1.396941
1.397018
1.397195
1.397535
1.397586
1.397635
1.397709
1.397775
1.397881
1.398001
1.398181
1.398280
1.398323
1.398421
1.376801
1.376847
1.376886
1.376954
1.377013
1.377077
1.377131
1.377217
1.377195
1.390999
1.392394
1.403823
1.403326
1.404128
1.404286
1.404739
1.396364
1.401414
1.403914
1.404743
1.404826
1.404928
1.405032
1.405100
1.405178
1.405287
1.405311
1.405416
1.405484
1.405569
1.405587
1.405813
1.406070
1.406154
1.406202
1.406304
1.406401
1.406514
1.406675
1.406765
1.406828
1.406721
1.406943
1.405996
1.407121
1.407191
1.409345
1.410496
1.403315
1.408054
1.410956
1.403745
1.411205
1.411284
1.411388
1.411526
1.411618
1.411754
1.411859
1.411961
1.411365
1.411462
1.411660
1.412149
1.412220
1.412343
1.412432
1.412543
1.412212
1.412281
1.412355
1.412432
1.412558
1.412194
1.407574
1.412482
1.412603
1.419028
1.419783
1.419829
1.419892
1.419968
1.420050
1.420120
1.420197
1.420267
1.420351
1.420414
1.420465
1.420569
1.420675
1.420809
1.421095
1.421180
1.421281
1.421381
1.421508
1.421635
1.421772
1.421911
1.422029
1.422156
1.422274
1.422369
1.422486
1.422612
1.422731
1.423774
1.423981
1.424091
1.424159
1.424224
1.424291
1.417208
1.417273
1.420822
1.420891
1.420951
1.376296
1.376348
1.421111
1.376482
1.421362
1.420679
1.377455
1.408884
1.422025
1.392494
1.422148
1.419265
1.410841
1.416942
1.422456
1.418560
1.421666
1.421729
1.421805
1.421946
1.422246
1.422355
1.422393
1.422496
1.422577
1.422679
1.422746
1.422834
1.422874
1.422945
1.423030
1.423154
1.423249
1.423333
1.423467
1.423833
1.423960
1.424079
1.424162
1.424234
1.424316
1.424369
1.424443
1.424469
1.424516
1.424581
1.422252
1.423043
1.421213
1.423214
1.423346
1.423640
1.423704
1.423786
1.423826
1.423894
1.423962
1.424039
1.424093
1.424164
1.424234
1.424294
1.424323
1.424401
1.424450
1.420574
1.424950
1.424994
1.425075
1.425131
1.425193
1.427021
1.427500
1.427559
1.427670
1.426951
1.427874
1.428017
1.428072
1.428220
1.428284
1.429283
1.429528
1.429681
1.429801
1.429939
1.430030
1.430174
1.430303
1.430433
1.430716
1.431116
1.431317
1.431549
1.431820
1.432123
1.432241
1.432328
1.432395
1.432476
1.432552
1.432606
1.432637
1.432718
1.432787
1.432866
1.432935
1.432991
1.432390
1.433530
1.433521
1.433586
1.433653
1.433735
1.433806
1.433890
1.433955
1.434036
1.434138
1.434674
1.434805
1.434884
1.434960
1.435053
1.435082
1.435150
1.435211
1.435294
1.435552
1.435724
1.435949
1.436024
1.436065
1.436148
1.436212
1.436244
1.436316
1.436385
1.434180
1.436534
1.436573
1.436632
1.436702
1.436795
1.436944
1.437213
1.437286
1.437340
1.437382
1.436003
1.436023
1.436099
1.436162
1.436228
1.451242
1.437917
1.438253
1.438324
1.438335
1.438417
1.438516
1.438960
1.439022
1.439088
1.439145
1.439289
1.438290
1.439432
1.439504
1.439589
1.439654
1.439716
1.439775
1.439836
1.439899
1.439980
1.440049
1.440131
1.440181
1.440269
1.440692
1.440772
1.440830
1.440908
1.440976
1.441036
1.441104
1.441185
1.440934
1.440996
1.441062
1.441116
1.441340
1.441179
1.442145
1.445507
1.445719
1.445788
1.445957
1.446066
1.446217
1.446434
1.446555
1.446629
1.446741
1.446849
1.446964
1.447120
1.447236
1.447347
1.447506
1.447904
1.448038
1.448149
1.448231
1.448311
1.448388
1.448451
1.448541
1.448866
1.448933
1.449016
1.449061
1.449118
1.449197
1.449263
1.449272
1.449422
1.418576
1.448637
1.448686
1.449079
1.449189
1.449195
1.431128
1.431870
1.451033
1.451118
1.451132
1.451212
1.451314
1.451426
1.451494
1.451533
1.450790
1.452856
1.450955
1.450142
1.450333
1.450951
1.451031
1.451065
1.451188
1.451211
1.451352
1.451333
1.451447
1.451500
1.451658
1.451715
1.451870
1.451852
1.451919
1.452287
1.452571
1.450311
1.454386
1.454781
1.452533
1.450161
1.453366
1.453502
1.453543
1.453613
1.453678
1.453747
1.453763
1.453925
1.454021
1.454601
1.454800
1.454924
1.455031
1.455148
1.455332
1.455368
1.455319
1.455573
1.455639
1.455719
1.455766
1.455836
1.455907
1.455850
1.456400
1.456446
1.456570
1.456624
1.456694
1.456774
1.456842
1.456896
1.456968
1.457037
1.457185
1.457276
1.457357
1.457417
1.457499
1.457965
1.457962
1.458194
1.458296
1.458408
1.458465
1.458647
1.458790
1.458790
1.458849
1.458936
1.458990
1.459089
1.459080
1.434122
1.459315
1.459376
1.459375
1.459490
1.459517
1.440596
1.451386
1.459843
1.460226
1.460361
1.456572
1.460514
1.460590
1.460637
1.460714
1.460788
1.460861
1.460913
1.460983
1.461056
1.461131
1.461181
1.461251
1.461326
1.461459
1.461725
1.461800
1.461870
1.461945
1.461993
1.462037
1.461809
1.462212
1.461965
1.444838
1.462125
1.462206
1.462254
1.462330
1.462462
1.462722
1.462791
1.462866
1.462939
1.463024
1.463073
1.463147
1.463304
1.463324
1.460720
1.437897
1.442699
1.458856
1.461697
1.462361
1.439124
1.462862
1.462910
1.462984
1.463047
1.439823
1.439879
1.463282
1.440033
1.463433
1.461749
1.463604
1.443334
1.461935
1.463857
1.463892
1.464173
1.462543
1.462618
1.464433
1.464515
1.464573
1.462331
1.462389
1.462433
1.450020
1.450080
1.450152
1.465140
1.465197
1.465285
1.465653
1.465699
1.465736
1.465797
1.463740
1.463763
1.466140
1.466147
1.466225
1.466298
1.466381
1.466428
1.466508
1.464493
1.464549
1.466839
1.467215
1.467285
1.467308
1.467387
1.467449
1.467525
1.467602
1.467670
1.467762
1.467818
1.494594
1.494662
1.494722
1.494786
1.494931
1.495268
1.495397
1.495443
1.495520
1.495627
1.495754
1.495886
1.495616
1.495703
1.496661
1.496825
1.496913
1.496987
1.497047
1.497108
1.497189
1.497260
1.497324
1.497385
1.497465
1.497602
1.497914
1.497915
1.498057
1.497980
1.500298
1.500295
1.500431
1.468205
1.500603
1.467269
1.471769
1.479582
1.479663
1.479701
1.479786
1.479933
1.480440
1.481503
1.481935
1.481907
1.482050
1.482184
1.482306
1.482072
1.482207
1.482419
1.482560
1.482717
1.482862
1.482981
1.483196
1.483626
1.483750
1.460344
1.483823
1.441634
1.481652
1.467711
1.467840
1.467920
1.460107
1.468113
1.468196
1.480750
1.480752
1.468531
1.481269
1.468995
1.481433
1.469196
1.469692
1.484290
1.484423
1.482559
1.467210
1.484874
1.485002
1.485128
1.482955
1.463793
1.485595
1.485724
1.485856
1.486791
1.486948
1.514380
1.514503
1.514571
1.514612
1.470661
1.513771
1.513837
1.513919
1.513989
1.514047
1.514116
1.514198
1.514262
1.514345
1.513416
1.513478
1.468011
1.482592
1.483187
1.483264
1.500058
1.483162
1.483501
1.483580
1.483578
1.470142
1.483806
1.483639
1.483766
1.483775
1.484110
1.484158
1.484248
1.484671
1.484740
1.484824
1.483912
1.484942
1.485033
1.485075
1.485131
1.485162
1.485227
1.485142
1.485208
1.485288
1.485371
1.485505
1.486191
1.486403
1.486552
1.486693
1.486853
1.486997
1.487139
1.487285
1.487435
1.487577
1.487713
1.487855
1.487937
1.488073
1.488687
1.488776
1.488866
1.488896
1.488983
1.489062
1.489137
1.476618
1.488094
1.487714
1.476845
1.480598
1.476987
1.477033
1.477091
1.480402
1.490301
1.491065
1.490474
1.488851
1.478980
1.490719
1.490786
1.477727
1.489620
1.489692
1.477967
1.489868
1.489930
1.481846
1.490091
1.490233
1.490609
1.490665
1.490770
1.490886
1.491022
1.491154
1.491295
1.491540
1.491598
1.489378
1.491723
1.491855
1.491906
1.492288
1.492465
1.492590
1.493112
1.481246
1.485415
1.485410
1.493398
1.485585
1.486523
1.493652
1.485865
1.493811
1.485550
1.493935
1.487082
1.487187
1.495428
1.498435
1.498617
1.491770
1.498852
1.491999
1.499134
1.492184
1.499369
1.499498
1.492675
1.504600
1.497878
1.497987
1.503531
1.505874
1.506407
1.506559
1.506690
1.506808
1.506951
1.507080
1.507202
1.507315
1.508054
1.508396
1.508553
1.508947
1.509167
1.509323
1.510392
1.510557
1.510650
1.510711
1.510808
1.510877
1.510941
1.511018
1.511120
1.511200
1.511277
1.511333
1.511411
1.511486
1.511550
1.511622
1.511743
1.504697
1.512125
1.512227
1.512304
1.512371
1.510018
1.512531
1.512592
1.512663
1.512726
1.512818
1.512887
1.512971
1.513025
1.513114
1.513236
1.513597
1.513666
1.513742
1.513806
1.513884
1.513958
1.514105
1.514113
1.514212
1.514272
1.514346
1.514424
1.514477
1.514547
1.514703
1.514996
1.515648
1.516241
1.516451
1.516586
1.516727
1.516857
1.517002
1.517127
1.517271
1.517411
1.517561
1.517692
1.517827
1.517955
1.520917
1.521288
1.521385
1.521450
1.521542
1.521600
1.521688
1.521744
1.521832
1.521875
1.521926
1.521969
1.522195
1.517070
1.522570
1.517410
1.522665
1.512642
1.518323
1.516800
1.518414
1.523251
1.518556
1.518456
1.497200
1.523590
1.523650
1.522588
1.523894
1.524182
1.524277
1.524349
1.524412
1.524512
1.524628
1.524930
1.525818
1.523132
1.526368
1.526489
1.526596
1.526225
1.526321
1.526348
1.526529
1.527005
1.527088
1.527155
1.527222
1.527293
1.527376
1.527445
1.527503
1.527342
1.527682
1.527764
1.519689
1.522763
1.522845
1.522975
1.521525
1.521232
1.524597
1.528554
1.528629
1.528711
1.528794
1.528869
1.528923
1.529002
1.529072
1.529130
1.529258
1.529340
1.529439
1.529571
1.531582
1.531891
1.532067
1.532210
1.532352
1.533050
1.533202
1.533349
1.533486
1.529948
1.533645
1.533732
1.533817
1.533963
1.531824
1.534267
1.534401
1.534533
1.534690
1.530002
1.530125
1.530623
1.511962
1.531063
1.530906
1.531180
1.531035
1.531316
1.531199
1.531225
1.531585
1.531390
1.531679
1.532864
1.531841
1.531891
1.537734
1.533507
1.532579
1.532643
1.532641
1.513091
1.532790
1.533963
1.532957
1.534000
1.531999
1.534173
1.533501
1.533589
1.534148
1.532670
1.532787
1.533229
1.534504
1.533436
1.535332
1.533590
1.535086
1.535463
1.535417
1.535212
1.515720
1.538288
1.534903
1.534276
1.535516
