0.203136
0.211991
0.212007
0.203878
0.195008
0.207176
0.212030
0.212102
0.212309
0.212333
0.212355
0.212467
0.212632
0.212739
0.212833
0.212923
0.213288
0.213448
0.213469
0.213583
0.213670
0.213862
0.213932
0.214024
0.214118
0.213893
0.214026
0.219839
0.219926
0.220201
0.220309
0.220453
0.220513
0.220612
0.220717
0.220798
0.220894
0.220989
0.221095
0.221177
0.221267
0.221356
0.221463
0.221554
0.221639
0.221734
0.221840
0.221945
0.222014
0.222115
0.222215
0.222296
0.222394
0.222475
0.222579
0.222668
0.223342
0.224964
0.225387
0.226195
0.226394
0.226530
0.226671
0.226789
0.224958
0.226933
0.227211
0.227463
0.227635
0.227771
0.227785
0.227940
0.226682
0.227115
0.227168
0.227325
0.227452
0.227576
0.227697
0.227837
0.227948
0.228477
0.228938
0.229319
0.230075
0.230228
0.230398
0.230493
0.230708
0.230805
0.230961
0.231336
0.231668
0.231735
0.231853
0.232019
0.232140
0.232278
0.232419
0.232755
0.232968
0.233159
0.233273
0.233424
0.233527
0.233955
0.233100
0.234142
0.234274
0.234647
0.234708
0.223418
0.223546
0.234744
0.234939
0.234974
0.235209
0.235295
0.235433
0.235601
0.235734
0.235871
0.236026
0.236147
0.236270
0.236440
0.226710
0.236824
0.236967
0.237057
0.237231
0.237795
0.238049
0.238377
0.238692
0.238913
0.238395
0.238499
0.238597
0.229343
0.240805
0.240863
0.241145
0.241249
0.241071
0.241524
0.241354
0.241738
0.241848
0.242102
0.242421
0.242736
0.243048
0.243350
0.242324
0.242512
0.243011
0.243364
0.233749
0.233495
0.243812
0.243676
0.244278
0.244370
0.234859
0.244921
0.235472
0.245621
0.246049
0.246040
0.246184
0.246420
0.246419
0.246496
0.245156
0.246750
0.246892
0.242138
0.242711
0.242724
0.242747
0.243328
0.243235
0.239319
0.239586
0.239849
0.240156
0.258971
0.266069
0.270694
0.271004
0.272723
0.272791
0.273019
0.273213
0.273241
0.273267
0.273395
0.273783
0.275423
0.275766
0.276135
0.276239
0.276478
0.276593
0.276752
0.276881
0.276974
0.277061
0.277062
0.277340
0.277567
0.277692
0.277494
0.277629
0.277765
0.277878
0.278032
0.278092
0.278244
0.278408
0.278541
0.278666
0.278746
0.278891
0.279049
0.279130
0.279250
0.279362
0.279506
0.279616
0.279720
0.279889
0.280004
0.280139
0.280253
0.280359
0.280539
0.280696
0.280801
0.280339
0.281121
0.281375
0.281506
0.281619
0.281754
0.281860
0.282186
0.282501
0.282786
0.283074
0.283348
0.283666
0.283328
0.284288
0.284573
0.284591
0.284604
0.284718
0.284812
0.284917
0.284992
