0.339249
0.388610
0.388665
0.323189
0.383769
0.322257
0.390401
0.379898
0.384061
0.380152
0.392109
0.380435
0.380557
0.381599
0.393866
0.393891
0.393971
0.394050
0.394129
0.394169
0.394255
0.394331
0.394388
0.394461
0.394481
0.394553
0.394544
0.394639
0.394729
0.394007
0.394959
0.395058
0.395377
0.395687
0.395800
0.395879
0.395990
0.390300
0.396244
0.396377
0.396422
0.396567
0.396558
0.396800
0.396820
0.396798
0.396846
0.396758
0.396791
0.396878
0.396947
0.396992
0.397054
0.397111
0.397150
0.397209
0.397257
0.397358
0.397485
0.397598
0.397656
0.397722
0.397737
0.398192
0.398280
0.398327
0.398496
0.398521
0.398581
0.398538
0.398546
0.398614
0.398635
0.398798
0.398808
0.394442
0.398898
0.398959
0.399058
0.399321
0.399419
0.400339
0.400704
0.400838
0.400936
0.401112
0.401299
0.401430
0.401235
0.401583
0.401352
0.401418
0.401479
0.401668
0.401792
0.402014
0.402003
0.402032
0.402070
0.402186
0.402237
0.402344
0.402349
0.402910
0.403007
0.403096
0.403176
0.403290
0.403359
0.402059
0.402211
0.398963
0.402258
0.402320
0.402550
0.402783
0.402376
0.412949
0.413044
0.413019
0.413114
0.413214
0.413280
0.413335
0.413393
0.413432
0.413095
0.413270
0.413466
0.413593
0.413586
0.413799
0.414004
0.414123
0.414705
0.414696
0.414781
0.414702
0.414730
0.414735
0.414701
0.414062
0.414802
0.414919
0.407356
0.415174
0.415259
0.415354
0.415470
0.415661
0.415509
0.415986
0.410070
0.415760
0.410582
0.410641
0.410699
0.410776
0.410863
0.410965
0.411075
0.411171
0.416694
0.411375
0.416960
0.417613
0.417665
0.417734
0.417777
0.417841
0.417895
0.417955
0.418018
0.418123
0.418227
0.418287
0.418357
0.418384
0.418449
0.418494
0.418672
0.419050
0.418924
0.419569
0.418948
0.419606
0.419614
0.419622
0.419678
0.419690
0.419882
0.420114
0.420313
0.415690
0.420123
0.420963
0.420944
0.421032
0.421101
0.421155
0.421211
0.421265
0.421326
0.421373
0.416833
0.421478
0.421536
0.421437
0.418068
0.400333
0.400365
0.422178
0.401105
0.420505
0.422651
0.422654
0.422744
0.422780
0.422799
0.422894
0.422959
0.422992
0.423065
0.423268
0.423320
0.423257
0.421655
0.422224
0.422925
0.423094
0.423129
0.415672
0.423389
0.423461
0.423487
0.423600
0.423661
0.421779
0.423853
0.423911
0.423975
0.424057
0.424013
0.424484
0.424720
0.424825
0.424832
0.424880
0.424951
0.425065
0.425271
0.425370
0.425461
0.425588
0.425766
0.425915
0.426048
0.426109
0.426173
0.426255
0.426250
0.426340
0.426381
0.426420
0.426456
0.418855
0.422933
0.422899
0.422969
0.423029
0.423085
0.423217
0.423520
0.423675
0.423787
0.423918
0.424008
0.424213
0.424363
0.424444
0.424519
0.424654
0.424794
0.424861
0.424888
0.424972
0.425014
0.425074
0.425108
0.424701
0.424771
0.424779
0.424827
0.424878
0.424930
0.417003
0.425072
0.425125
0.425237
0.425691
0.425754
0.425804
0.425857
0.425910
0.425971
0.426041
0.426164
0.426309
0.426438
0.426570
0.426694
0.426988
0.427128
0.427262
0.428180
0.428426
0.428509
0.428541
0.428610
0.428652
0.428733
0.428745
0.428820
0.428868
0.428929
0.428979
0.429038
0.429101
0.429178
0.429362
0.429667
0.429749
0.429821
0.429898
0.429974
0.430082
0.430056
0.430188
0.430345
0.430509
0.430636
0.430706
0.430766
0.430963
0.431376
0.431502
0.431570
0.431652
0.431803
0.431979
0.438261
0.438490
0.438512
0.438711
0.438853
0.438977
0.439143
0.439227
0.439290
0.439511
0.439666
0.439858
0.439987
0.440126
0.440188
0.440332
0.440428
0.440482
0.440550
0.440592
0.440684
0.440827
0.440929
0.440958
0.441051
0.441283
0.441453
0.441478
0.441576
0.441622
0.441652
0.441690
0.441791
0.441920
0.442049
0.442210
0.442298
0.442353
0.442382
0.439218
0.442508
0.442653
0.442674
0.442737
0.442788
0.442821
0.443073
0.443219
0.443359
0.443524
0.443911
0.444185
0.444401
0.444533
0.444522
0.444587
0.444611
0.444612
0.444645
0.444743
0.444769
0.444878
0.444974
0.445136
0.445321
0.445512
0.445632
0.445706
0.446089
0.446236
0.446371
0.446500
0.446537
0.446626
0.446690
0.446734
0.446821
0.446982
0.447058
0.447256
0.447375
0.447427
0.447495
0.447591
0.447822
0.448025
0.448177
0.448300
0.448382
0.448471
0.445524
0.448720
0.448802
0.447084
0.447172
0.448177
0.447630
0.447773
0.447971
0.448047
0.448098
0.448172
0.448165
0.448254
0.448290
0.448386
0.448544
0.448817
0.449022
0.449204
0.449350
0.449477
0.449514
0.449620
0.449758
0.449843
0.449880
0.449976
0.449969
0.450108
0.450144
0.450228
0.450266
0.450361
0.450338
0.450473
0.450504
0.450980
0.451149
0.451172
0.451237
0.451330
0.451384
0.451385
0.451456
0.451496
0.451608
0.442460
0.448366
0.448501
0.448688
0.448187
0.449050
0.448622
0.448658
0.448733
0.470407
0.449300
0.449530
0.449619
0.466953
0.449763
0.449837
0.449944
0.450142
0.450271
0.450364
0.450479
0.450855
0.451009
0.451128
0.451368
0.451487
0.451796
0.451937
0.452073
0.452256
0.452328
0.452383
0.452450
0.452901
0.453017
0.453144
0.453124
0.453264
0.453351
0.453386
0.453480
0.453518
0.453889
0.454017
0.454024
0.454433
0.454502
0.454594
0.454731
0.454823
0.454852
0.446503
0.455310
0.455541
0.455915
0.455965
0.455604
0.456152
0.455945
0.456126
0.456300
0.456455
0.456478
0.456616
0.456743
0.457220
0.457242
0.457298
0.457592
0.457727
0.457814
0.458045
0.458223
0.458601
0.458747
0.458880
0.458964
0.459072
0.459253
0.459739
0.459767
0.459778
0.460064
0.460110
0.460320
0.460442
0.460522
0.460529
0.460677
0.460721
0.460955
0.461100
0.461523
0.461767
0.461915
0.461999
0.462074
0.462214
0.462319
0.462458
0.462568
0.462701
0.462789
0.462884
0.463000
0.463635
0.463717
0.464001
0.464128
0.464291
0.464665
0.464445
0.464590
0.464792
0.464911
0.464971
0.465030
0.465101
0.465194
0.465239
0.465324
0.469032
0.470314
0.476071
0.480243
0.480674
0.480914
0.481074
0.481199
0.481353
0.481671
0.481983
0.482139
0.482326
0.483180
0.483415
0.483556
0.483016
0.483798
0.483899
0.484033
0.484152
0.484285
0.479064
0.484572
0.484725
0.484848
0.485079
0.485369
0.485510
0.485641
0.485776
0.485943
0.486064
0.486212
0.486335
0.486461
0.486465
0.486726
0.486875
0.487007
0.487063
0.487353
0.487514
0.487663
0.487814
0.487976
0.488165
0.488315
0.488430
0.489760
0.492169
0.492239
0.492468
0.492652
0.493269
0.493515
0.493521
0.494021
0.495305
0.495568
0.495778
0.496088
0.496286
0.496672
0.496796
0.497100
0.499172
0.499156
0.499292
0.499437
0.499553
0.499669
0.499787
0.496124
0.500053
0.500860
0.500997
0.501141
0.501288
0.501405
0.501354
0.501487
0.501576
0.501697
0.501824
0.501939
0.502052
0.502174
0.502293
0.502437
0.503067
0.503209
0.503338
0.503435
0.503536
0.503656
0.503799
0.503923
0.504033
0.504117
0.504257
0.504357
0.504480
0.504627
0.506160
0.505392
0.506058
0.506212
0.506311
0.508182
0.508377
0.508522
0.511321
0.511470
0.511601
0.511754
0.511912
0.509492
0.509675
0.509778
0.508803
0.509208
0.510734
0.509494
0.509604
0.509708
0.511216
0.511326
0.511469
0.511590
0.511705
0.511145
0.511294
0.511473
0.511754
0.512504
0.512769
0.512898
0.512993
0.513115
0.513215
0.513324
0.513432
0.513587
0.513703
0.513653
0.513805
0.513961
0.510064
0.509315
0.520898
0.521209
0.521508
0.521595
0.521754
0.521811
0.521922
0.522165
0.522606
0.522689
0.522765
0.522818
0.522956
0.523309
0.523471
0.523687
0.523788
0.523840
0.523910
0.524160
0.524363
0.524543
0.524731
0.524919
0.525110
0.525315
0.525348
0.525449
0.525502
0.517780
0.518127
0.518606
0.518800
0.518959
0.519123
0.519283
0.519506
0.519685
0.519832
0.519994
0.520147
0.520321
0.520484
0.520347
0.520510
0.520709
0.521588
0.522429
0.522532
0.522590
0.522642
0.522739
0.522930
0.523158
0.523207
0.523266
0.523315
0.523413
0.523745
0.523919
0.523952
0.524037
0.524045
0.524206
0.524326
0.524442
0.524580
0.524712
0.524852
0.524919
0.524960
0.525003
0.525094
0.525245
0.525334
0.525426
0.525457
0.525554
0.525553
0.525651
0.525681
0.525777
0.525845
0.525892
0.525984
0.526121
0.526322
0.526451
0.526106
0.526548
0.526577
0.526679
0.526974
0.527134
0.527194
0.527408
0.527560
0.527766
0.527982
0.528267
0.529043
0.531871
0.532197
0.533111
0.532968
0.534009
0.534044
0.534204
0.534308
0.534433
0.534527
0.534599
0.534735
0.534808
0.534932
0.534995
0.535143
0.535213
0.535313
0.535412
0.535531
0.535602
0.535733
0.535836
0.535478
0.536064
0.536127
0.536248
0.536380
0.536449
0.536520
0.536649
0.536724
0.536920
0.537142
0.537272
0.537410
0.537473
0.537609
0.537724
0.537869
0.537958
0.538023
0.538119
0.538184
0.538558
0.538586
0.538668
0.538788
0.538863
0.538987
0.539079
0.537885
0.539407
0.539535
0.539422
0.538660
0.538775
0.538806
0.538923
0.538903
0.539034
0.539218
0.539330
0.540407
0.540548
0.540717
0.540855
0.540956
0.541095
0.541197
0.541334
0.541354
0.541489
0.541559
0.541677
0.541809
0.541087
0.541187
0.541274
0.541366
0.541422
0.541549
0.541606
0.541733
0.541805
0.541936
0.542023
0.542113
0.542241
0.542333
0.542443
0.542571
0.542644
0.542776
0.542897
0.542977
0.543108
0.543216
0.543391
0.543495
0.543632
0.543710
0.543831
0.543899
0.544024
0.547629
0.547705
0.548019
0.548138
0.548206
0.548335
0.545876
0.546070
0.546641
0.547176
0.547818
0.548498
0.548609
0.548785
0.549365
0.549527
0.549445
0.549750
0.549874
0.549961
0.550395
0.549910
0.550255
0.550134
0.550265
0.550363
0.546932
0.573849
0.587888
0.588416
0.588760
0.601785
0.601477
0.602750
0.602910
0.602922
0.602957
0.602974
0.602985
0.602961
0.602986
0.603452
0.606319
0.607262
0.607276
0.607294
0.607319
0.607328
0.607333
0.607307
0.607310
0.607317
0.607322
0.607328
0.608667
0.608672
0.608685
0.608301
0.608312
0.608315
0.608302
0.608318
0.608323
0.608351
0.608402
0.608450
0.613064
0.613317
0.613337
0.613351
0.613363
0.616023
0.616113
0.616140
0.616146
0.616112
0.618233
0.607837
0.616932
0.618743
0.618740
0.618738
0.618739
0.618744
0.618733
0.618716
0.618720
0.618736
0.622732
0.620860
0.620866
0.620888
0.622942
0.622960
0.622935
0.622949
0.622948
0.622965
0.624535
0.624602
0.624625
0.624644
0.624595
0.624609
0.624620
0.624738
0.624915
0.625015
0.625124
0.625489
0.625604
0.626166
0.626325
0.626433
0.626541
0.626668
0.626780
0.627851
0.628080
0.628224
0.629065
0.629216
0.629319
0.629426
0.629532
0.629624
0.631115
0.631314
0.631841
0.615956
0.632337
0.632408
0.632538
0.632480
0.632842
0.633030
0.631449
0.633623
0.622381
0.634566
0.635641
0.635680
0.635698
0.635709
0.644716
0.645438
0.646089
0.646067
0.645982
0.647643
0.647362
0.632294
0.630334
0.630417
0.632819
0.619066
0.634021
0.648468
0.633970
0.634113
0.634187
0.634383
0.634460
0.634621
0.650136
0.648776
0.635089
0.650525
0.650735
0.650810
0.650987
0.651107
0.651208
0.651362
0.651450
0.651566
0.651695
0.651740
0.651816
0.651842
0.630283
0.628250
0.651954
0.653002
0.638181
0.639961
0.639589
0.639384
0.653672
0.653814
0.653963
0.653974
0.654015
0.629665
0.654238
0.654303
0.654428
0.653733
0.652044
0.652706
0.655729
0.656101
0.631722
0.631767
0.632696
0.632951
0.632884
0.656838
0.632869
0.657030
0.657155
0.657203
0.657278
0.657341
0.657399
0.657456
0.657545
0.657634
0.657783
0.657896
0.657963
0.658021
0.658084
0.658149
0.658217
0.658316
0.656958
0.658529
0.658551
0.655171
0.658705
0.658745
0.658811
0.658838
0.659006
0.659128
0.659345
0.659477
0.659537
0.659595
0.659672
0.659769
0.659855
0.659967
0.660025
0.660071
0.661587
0.661852
0.662077
0.662267
0.662599
0.662772
0.662958
0.663238
0.663412
0.645927
0.637704
0.644048
0.665587
0.665675
0.665898
0.665986
0.666187
0.666287
0.666462
0.666577
0.666674
0.666867
0.666947
0.667043
0.667158
0.667209
0.667296
0.667359
0.667390
0.667463
0.667485
0.667558
0.667611
0.667726
0.667738
0.667847
0.668055
0.668182
0.668244
0.668359
0.668407
0.668538
0.668927
0.669064
0.667023
0.668750
0.668724
0.668786
0.667453
0.668925
0.669493
0.669651
0.669786
0.669927
0.670026
0.670138
0.670280
0.670410
0.670533
0.670664
0.670810
0.670899
0.668884
0.671396
0.671579
0.671688
0.671858
0.672373
0.672548
0.672692
0.669104
0.672842
0.672955
0.673072
0.673131
0.673159
0.673230
0.673357
0.673447
0.673520
0.673564
0.673635
0.673698
0.673764
0.673798
0.673863
0.673931
0.674019
0.674304
0.674410
0.674478
0.674546
0.674575
0.674649
0.674699
0.674741
0.674867
0.675101
0.675213
0.663290
0.675760
0.678029
0.678279
0.678375
0.678474
0.677405
0.678724
0.678823
0.678937
0.679071
0.679167
0.679282
0.679403
0.673268
0.674050
0.680358
0.680454
0.680553
0.676329
0.680883
0.681028
0.681196
0.681840
0.681924
0.682027
0.682135
0.682247
0.682351
0.682432
0.683720
0.684971
0.683301
0.685261
0.685365
0.685447
0.685524
0.686224
0.686346
0.686430
0.690614
0.691596
0.691523
0.691512
0.687449
0.691719
0.691433
0.691541
0.691644
0.691772
0.692613
0.692811
0.693799
0.694274
0.694527
0.694548
0.694593
0.694648
0.694674
0.694793
0.694804
0.694948
0.695199
0.695201
0.695252
0.695443
0.695489
0.695554
0.676695
0.695836
0.676797
0.696083
0.696094
0.696140
0.696242
0.696474
0.696542
0.697679
0.697742
0.673581
0.691062
0.697891
0.697668
0.697554
0.697340
0.698687
0.698861
0.702763
0.702838
0.702941
0.703173
0.703557
0.703787
0.703917
0.703903
0.703965
0.704077
0.704212
0.704302
0.704359
0.704346
0.704412
0.704465
0.704571
0.704667
0.704742
0.704867
0.705120
0.705211
0.705281
0.705322
0.705382
0.705463
0.705579
0.705645
0.705800
0.705864
0.707024
0.682533
0.707162
0.707062
0.706936
0.706821
0.706675
0.705212
0.705545
0.706682
0.706566
0.682708
0.706553
0.706527
0.706387
0.706361
0.702890
0.682282
0.690670
0.691757
0.704670
0.706620
0.706632
0.706539
0.706538
0.706787
0.706782
0.706790
0.706410
0.706441
0.706410
0.706436
0.706454
0.706476
0.706504
0.689041
0.707317
0.706758
0.705579
0.705686
0.705838
0.706046
0.706248
0.706618
0.705460
0.706794
0.706842
0.706887
0.706956
0.706937
0.706997
0.707058
0.707109
0.707184
0.707242
0.707314
0.693115
0.711019
0.708932
0.708898
0.709868
0.708442
0.710536
0.710273
0.707532
0.732759
0.730195
0.729036
0.730501
0.730718
0.730858
0.731024
0.731162
0.731277
0.730341
0.730668
0.731148
0.731197
0.731244
0.731300
0.699191
0.633521
0.699333
0.699408
0.700527
0.700174
0.699915
0.700050
0.700187
0.700286
0.700432
0.700573
0.700718
0.700810
0.700949
0.701082
0.700893
0.700964
0.701052
0.701249
0.701334
0.701422
0.701474
0.701554
0.701611
0.701761
0.704071
0.704153
0.704161
0.704238
0.704252
0.704379
0.704618
0.704741
0.704884
0.704960
0.705110
0.721713
0.661957
0.705660
0.705709
0.705732
0.720133
0.704140
0.720437
0.720429
0.720478
0.704364
0.704419
0.704506
0.704582
0.704674
0.704808
0.705015
0.705158
0.705227
0.703502
0.705464
0.736069
0.736141
0.728615
0.706167
0.706345
0.706435
0.706561
0.706734
0.706934
0.707055
0.707244
0.707527
0.707641
0.707847
0.707906
0.708020
0.708278
0.720582
0.708700
0.708850
0.719164
0.644294
0.645045
0.717302
0.645157
0.645896
0.646039
0.646630
0.717246
0.646779
0.714188
0.716152
0.712102
0.712435
0.712360
0.647803
0.713114
0.713280
0.713448
0.713547
0.713772
0.713870
0.713997
0.673074
