0.117390
0.220785
0.220973
0.221083
0.221204
0.221318
0.205139
0.221679
0.221800
0.221925
0.222064
0.222150
0.223307
0.224927
0.225056
0.225988
0.226103
0.226305
0.226460
0.226524
0.226620
0.226720
0.226827
0.226934
0.222750
0.222865
0.222964
0.222785
0.222892
0.223009
0.222994
0.223088
0.223187
0.223372
0.223459
0.223563
0.223693
0.223806
0.238760
0.239491
0.244316
0.244504
0.244611
0.244750
0.244905
0.245004
0.242837
0.243118
0.222954
0.243256
0.243498
0.243575
0.243653
0.243777
0.243885
0.243997
0.244095
0.244196
0.244305
0.244476
0.245273
0.245733
0.246088
0.246411
0.246585
0.246745
0.246874
0.264220
0.264476
0.264701
0.264732
0.264883
0.265030
0.265174
0.275514
0.275731
0.274726
0.274842
0.275166
0.275267
0.282870
0.282904
0.282946
0.282983
0.283035
0.283066
0.283099
0.283131
0.283140
0.283161
0.283197
0.283222
0.283246
0.283257
0.282772
0.282794
0.282830
0.282858
0.282882
0.281066
0.280671
0.281213
0.281179
0.280068
0.283069
0.277508
0.277523
0.277531
0.277542
0.274622
0.274635
0.274640
0.274659
0.275403
0.271858
0.285980
0.286525
0.291217
0.291988
0.294498
0.312404
0.314221
0.315639
0.319494
0.334596
0.336004
0.337564
0.271325
0.337859
0.338044
0.339156
0.339248
0.339348
0.339445
0.339643
0.337228
0.340315
0.340718
0.340820
0.341252
0.344999
0.345419
0.345524
0.346458
0.346622
0.346909
0.347133
0.347334
0.347540
0.347763
0.347858
0.348076
0.348267
0.348430
0.348636
0.348843
0.349090
0.349388
0.349854
0.350042
0.350352
0.350538
0.351042
0.351340
0.351723
0.352129
0.352294
0.352365
0.352443
0.352692
0.352872
0.353068
0.353189
0.353188
0.353352
0.353352
0.354782
0.355210
0.355465
0.355944
0.356419
0.356811
0.357590
0.358344
0.358669
0.359239
0.359379
0.359391
0.359384
0.359421
0.359385
0.359423
0.359414
0.359410
0.352210
0.346868
0.346223
0.346215
0.346201
0.346174
0.346157
0.346162
0.346136
0.346137
0.346131
0.346125
0.346740
0.357099
0.359422
0.359465
0.358817
0.347496
0.347754
0.347859
0.347974
0.348079
0.348204
0.348305
0.348390
0.348494
0.348556
0.348668
0.348774
0.348910
0.349004
0.349094
0.349175
0.349274
0.349336
0.349446
0.349539
0.349632
0.349648
0.349756
0.349857
0.349975
0.351848
0.351671
0.350597
0.350687
0.350774
0.350871
0.350953
0.351044
0.351140
0.352929
0.351167
0.351263
0.351290
0.351394
0.351497
0.351213
0.351296
0.352244
0.351969
0.352044
0.367722
0.351155
0.352390
0.351344
0.351496
0.351553
0.351651
0.351760
0.351862
0.351974
0.352049
0.352197
0.352417
0.352517
0.351889
0.352723
0.353302
0.352953
0.352354
0.353166
0.352566
0.352672
0.352774
0.352875
0.352977
0.353107
0.353173
0.353266
0.353347
0.353445
0.353537
0.353631
0.353721
0.354892
0.353959
0.354054
0.354163
0.354271
0.354397
0.355609
0.354652
0.354877
0.355084
0.355264
0.355343
0.355459
0.356801
0.356903
0.356994
0.357090
0.357188
0.357296
0.356297
0.356407
0.357838
0.357809
0.357901
0.357986
0.358086
0.358204
0.358386
0.375980
0.358647
0.357819
0.357936
0.358062
0.358194
0.358309
0.358445
0.358570
0.359917
0.360030
0.360153
0.360271
0.359275
0.359389
0.359487
0.351365
0.346969
0.347124
0.347276
0.360517
0.347707
0.347867
0.366821
0.348104
0.367165
0.367337
0.367492
0.367637
0.367790
0.367885
0.368025
0.381542
0.381670
0.382117
0.382294
0.382460
0.382634
0.382850
0.383027
0.383173
0.383318
0.383488
0.382925
0.383076
0.383247
0.383416
0.383554
0.383705
0.383836
0.383987
0.384139
0.384483
0.385232
0.385435
0.385560
0.385681
0.385835
0.385969
0.386112
0.383563
0.314294
0.384383
0.384553
0.384787
0.373652
0.357522
0.377545
0.374199
0.377858
0.378010
0.378450
0.376085
0.376161
0.376215
0.376347
0.376552
0.378464
0.378720
0.378877
0.384086
0.384193
0.384314
0.384392
0.384425
0.384506
0.384511
0.384678
0.384913
0.388877
0.388974
0.389107
0.330563
0.327552
0.327730
0.327884
0.328053
0.328209
0.328379
0.337157
0.335898
0.397078
0.394336
0.337476
0.337702
0.337777
0.395767
0.399312
0.399394
0.399465
0.399516
0.397650
0.399722
0.399844
0.400049
0.399727
0.395663
0.397291
0.400448
0.400702
0.398152
0.398281
0.398550
0.398703
0.398776
0.398825
0.398884
0.398954
0.399001
0.399098
0.397998
0.399250
0.399406
0.399590
0.383906
0.400174
0.400490
0.400640
0.399732
0.385784
0.385864
0.386007
0.386474
0.386635
0.386680
0.386776
0.386857
0.386895
0.401504
0.387051
0.387110
0.387183
0.387224
0.387316
0.405038
0.405456
0.405691
0.405823
0.388779
0.387035
0.388546
0.387021
0.387306
0.387375
0.403633
0.387652
0.389275
0.389359
0.389622
0.369632
0.389716
0.389975
0.390019
0.390107
0.390182
0.390231
0.390335
0.390738
0.390788
0.390855
0.390902
0.391072
0.391341
0.394437
0.394680
0.394835
0.395017
0.395151
0.395163
0.395233
0.395337
0.395580
0.376184
0.395897
0.395950
0.396055
0.396091
0.396157
0.396245
0.396295
0.396360
0.396292
0.396323
0.396386
0.396437
0.396497
0.396563
0.396633
0.396801
0.397104
0.397288
0.397333
0.397447
0.397659
0.397939
0.398048
0.398113
0.398180
0.398049
0.397991
0.398205
0.398292
0.398661
0.398769
0.398961
0.399499
0.399261
0.361810
0.361937
0.361980
0.399689
0.399739
0.399820
0.399861
0.399961
0.400016
0.400109
0.400215
0.363058
0.398752
0.398898
0.398957
0.398993
0.399042
0.399010
0.399017
0.399121
0.399344
0.399408
0.399563
0.399708
0.399851
0.400671
0.362441
0.400910
0.385271
0.400902
0.401056
0.401198
0.401276
0.401358
0.401516
0.401642
0.392150
0.392261
0.392318
0.392324
0.392369
0.392434
0.362868
0.392585
0.392630
0.392724
0.392761
0.392854
0.392999
0.393727
0.393830
0.393873
0.393948
0.393984
0.394076
0.394144
0.394193
0.394236
0.394327
0.394479
0.394702
0.394746
0.394814
0.394856
0.394979
0.395195
0.395381
0.390456
0.395536
0.395587
0.395653
0.395659
0.366428
0.395788
0.395970
0.395935
0.396016
0.396182
0.396384
0.369271
0.396833
0.397150
0.397197
0.428659
0.397560
0.397450
0.397553
0.397715
0.324054
0.368958
0.369163
0.398453
0.369348
0.375961
0.369492
0.370644
0.369674
0.394319
0.369807
0.369884
0.369936
0.394495
0.370035
0.370323
0.370480
0.398837
0.370918
0.370194
0.371325
0.401003
0.401183
0.401365
0.372055
0.401575
0.401636
0.401727
0.401804
0.401964
0.372465
0.398661
0.399746
0.401365
0.401444
0.401520
0.401400
0.402168
0.402300
0.402444
0.402508
0.402526
0.402599
0.402745
0.402938
0.402957
0.402999
0.403035
0.403142
0.403261
0.403321
0.403382
0.403533
0.403684
0.403921
0.380768
0.380918
0.404400
0.405059
0.405324
0.382272
0.405777
0.382726
0.382892
0.406443
0.383472
0.406634
0.383768
0.384004
0.384050
0.384142
0.384381
0.384498
0.384597
0.407928
0.408562
0.385319
0.385745
0.334728
0.408972
0.409599
0.393108
0.409738
0.393212
0.409990
0.410068
0.410217
0.410265
0.410358
0.410858
0.411217
0.411296
0.411358
0.411499
0.395180
0.411742
0.395416
0.411881
0.411202
0.412164
0.412324
0.396137
0.412580
0.412715
0.412187
0.413043
0.413127
0.413268
0.413447
0.413579
0.413670
0.413813
0.414003
0.414323
0.414396
0.414468
0.414561
0.414712
0.414881
0.415015
0.415083
0.415282
0.415460
0.415594
0.415676
0.415811
0.415946
0.416056
0.416175
0.416270
0.416393
0.416580
0.416758
0.416883
0.416970
0.417104
0.417269
0.417413
0.414119
0.417684
0.417776
0.417819
0.417907
0.417938
0.418013
0.418058
0.418203
0.418190
0.418338
0.418441
0.418639
0.418840
0.419028
0.418172
0.419412
0.419542
0.419571
0.419666
0.419883
0.419619
0.419661
0.419737
0.419766
0.419858
0.419938
0.420074
0.420193
0.420395
0.420574
0.420686
0.420727
0.420823
0.420860
0.420981
0.421096
0.421185
0.421477
0.421650
0.421779
0.421833
0.421901
0.421929
0.422009
0.422036
0.422109
0.422167
0.422256
0.422293
0.422374
0.422401
0.422500
0.422520
0.422632
0.422648
0.422820
0.423074
0.423272
0.423446
0.423583
0.423610
0.423700
0.423744
0.423810
0.423831
0.423963
0.424011
0.424046
0.424186
0.424311
0.424356
0.424449
0.424484
0.422554
0.425008
0.425186
0.425381
0.425562
0.425715
0.425741
0.425841
0.425872
0.426438
0.426820
0.427004
0.427158
0.427312
0.427464
0.427628
0.427783
0.427926
0.428081
0.428237
0.428395
0.428593
0.428969
0.429158
0.429328
0.429469
0.429616
0.429762
0.429909
0.430037
0.430079
0.430178
0.430250
0.430293
0.430345
0.430424
0.430461
0.430543
0.430583
0.428451
0.430742
0.430776
0.430811
0.430887
0.430951
0.430992
0.431216
0.431351
0.431428
0.431626
0.434457
0.434933
0.435074
0.435156
0.435413
0.445320
0.445403
0.445429
0.445447
0.445479
0.445497
0.446142
0.446166
0.446487
0.455806
0.455821
0.455866
0.455896
0.455928
0.455946
0.455930
0.455957
0.455658
0.455640
0.455635
0.455617
0.455606
0.455586
0.455545
0.455535
0.455515
0.455503
0.455474
0.455375
0.455369
0.455336
0.455327
0.455319
0.455311
0.455298
0.444712
0.444096
0.442624
0.456709
0.456497
0.456290
0.455124
0.454778
0.454754
0.454728
0.454719
0.454708
0.454704
0.454690
0.454676
0.454652
0.454638
0.453554
0.453546
0.453532
0.453527
0.453503
0.453489
0.453484
0.453474
0.453465
0.453452
0.453445
0.467716
0.467712
0.467700
0.467701
0.467683
0.443149
0.467692
0.468205
0.453202
0.455405
0.457414
0.457404
0.443245
0.443240
0.443225
0.443197
0.443191
0.443176
0.443144
0.443129
0.432306
0.410443
0.458253
0.458048
0.409739
0.457840
0.457610
0.460355
0.468059
0.467692
0.467685
0.467681
0.467671
0.467654
0.479079
0.478998
0.478829
0.478828
0.469210
0.468067
0.467981
0.468051
0.468043
0.468014
0.468006
0.467998
0.467770
0.467947
0.467924
0.467734
0.467749
0.467717
0.467696
0.474821
0.478243
0.481343
0.483768
0.486310
0.486885
0.491154
0.495072
0.495146
0.495142
0.495153
0.495150
0.495168
0.495178
0.495196
0.495358
0.495375
0.495397
0.495403
0.495012
0.494747
0.495327
0.495802
0.495810
0.495788
0.492757
0.499539
0.499111
0.499146
0.499918
0.500187
0.504202
0.500427
0.500430
0.500425
0.500425
0.500482
0.500486
0.500465
0.500630
0.500634
0.501013
0.501209
0.501274
0.501279
0.503034
0.503041
0.503040
0.503097
0.505619
0.505438
0.505555
0.506243
0.507207
0.507236
0.508532
0.511883
0.509211
0.509171
0.521565
0.508475
0.506238
0.506318
0.506330
0.507917
0.508622
0.509160
0.510079
0.510097
0.510574
0.512072
0.514027
0.516002
0.520095
0.518198
0.472968
0.518115
0.518134
0.548150
0.532368
0.565986
0.511780
0.517753
0.517772
0.517783
0.517804
0.517818
0.517825
0.517844
0.517858
0.517876
0.515250
0.513153
0.513163
0.513181
0.513186
0.513189
0.513200
0.513209
0.513235
0.513240
0.513258
0.513268
0.513263
0.513282
0.513292
0.513318
0.513328
0.513346
0.513357
0.513384
0.513401
0.513413
0.513442
0.513454
0.513474
0.513485
0.513480
0.513470
0.502319
0.502328
0.502313
0.502318
0.502333
0.502338
0.502355
0.502337
0.502342
0.502328
0.517479
0.516654
0.503125
0.454500
0.516711
0.516685
0.516684
0.516703
0.516701
0.516717
0.500418
0.519989
0.519151
0.520019
0.519184
0.520100
0.519355
0.520211
0.519444
0.520309
0.519513
0.520408
0.519604
0.520492
0.519707
0.520581
0.520720
0.520735
0.520783
0.520795
0.520812
0.520796
0.523090
0.520806
0.520827
0.523119
0.520841
0.523132
0.520860
0.523156
0.520865
0.523171
0.520885
0.523189
0.520883
0.523211
0.520892
0.523232
0.520913
0.523222
0.520923
0.523204
0.520916
0.523212
0.520935
0.523222
0.520936
0.523232
0.520942
0.523240
0.520962
0.523232
0.520979
0.523243
0.520998
0.523262
0.521006
0.523278
0.521026
0.523298
0.521026
0.523309
0.521037
0.523327
0.521056
0.523318
0.524405
0.523329
0.473915
0.523348
0.521952
0.526671
0.526682
0.519368
0.526702
0.519380
0.526697
0.519399
0.526700
0.519824
0.519807
0.519804
0.526736
0.519810
0.526753
0.521130
0.526758
0.521140
0.526774
0.521171
0.526767
0.521181
0.526780
0.521180
0.526779
0.521179
0.526796
0.521212
0.526786
0.521218
0.526800
0.521238
0.526799
0.521263
0.526810
0.521285
0.521293
0.526382
0.521287
0.527687
0.521299
0.527685
0.521298
0.481536
0.521317
0.527624
0.521331
0.527517
0.521351
0.527410
0.521359
0.521409
0.521012
0.520032
0.520155
0.520392
0.526476
0.526530
0.526735
0.526893
0.527030
0.521450
0.521593
0.521716
0.521814
0.521961
0.527950
0.528092
0.528217
0.528358
0.560031
0.528620
0.526124
0.524589
0.524724
0.525570
0.524498
0.530391
0.562129
0.531442
0.531533
0.527210
0.527284
0.531748
0.531815
0.531889
0.531934
0.531971
0.532047
0.532127
0.532274
0.532690
0.532012
0.532063
0.532143
0.532272
0.517430
0.532418
0.532452
0.532526
0.532646
0.475597
0.528612
0.528746
0.528821
0.528312
0.529143
0.529258
0.529401
0.529495
0.530049
0.530365
0.530435
0.530627
0.530704
0.530839
0.530959
0.531037
0.531330
0.531345
0.531416
0.531592
0.531679
0.531869
0.531960
0.532112
0.532191
0.532316
0.535533
0.533364
0.532306
0.537838
0.537961
0.486960
0.538211
0.538263
0.538395
0.539296
0.537216
0.539407
0.495597
0.539499
0.539776
0.540178
0.476806
0.545264
0.571554
0.571574
0.571631
0.557310
0.557056
0.483435
0.532723
0.545798
0.498932
0.544380
0.544416
0.544403
0.544442
0.543606
0.543542
0.542676
0.542143
0.540679
0.538526
0.543614
0.543647
0.543711
0.538457
0.543852
0.543953
0.544081
0.544337
0.541922
0.544537
0.539097
0.545435
0.545382
0.500921
0.545372
0.540179
0.540228
0.540276
0.540355
0.540384
0.540451
0.539749
0.540637
0.545030
0.541372
0.541696
0.541725
0.541764
0.542633
0.542801
0.542720
0.542662
0.542567
0.543395
0.612600
0.544936
0.543618
0.541237
0.543036
0.542113
0.542235
0.489862
0.534954
0.542049
0.541913
0.541903
0.552707
0.540098
0.540556
0.540493
0.491006
0.540342
0.537181
0.487445
0.487493
0.487614
0.487754
0.487412
0.487944
0.488267
0.489835
0.489918
0.489986
0.490057
0.490157
0.490274
0.490183
0.491905
0.492118
0.492751
0.492893
0.493030
0.493227
0.493609
0.493708
0.493770
0.493812
0.493804
0.493871
0.546287
0.544174
0.538004
0.542293
0.543958
0.543445
0.541926
0.541394
0.541265
0.540049
0.539706
0.493740
0.550511
0.559186
0.561364
0.559187
0.553478
0.552206
0.554700
0.559168
0.554816
0.559181
0.508079
0.556177
0.556083
0.556026
0.556085
0.559782
0.560477
0.560449
0.579669
0.550465
0.579756
0.558936
0.560336
0.578746
0.606314
0.615334
0.750830
0.787793
0.886837
1.018342
1.290346
1.460353
